fib_sum	dfsr	ifsr	actlr	cpacr	pmcr	cache_aux_cntrl	cntrl
14930352	0	8	2147485248	15728640	2147483648	270532674	12916861	1
14930352	0	8	2147485248	15728640	2147483648	270532674	12916861	1
14930352	0	8	2147485248	15728640	2147483648	270532674	12916861	1
14930352	0	8	2147485248	15728640	2147483648	270532674	12916861	2
14930352	0	8	2147485248	15728640	2147483648	270532674	12916861	2
14930352	0	8	2147485248	15728640	2147483648	270532674	12916861	2
14930352	0	8	2147485248	15728640	2147483648	270532674	12916861	2
14930352	0	8	2147485248	15728640	2147483648	270532674	12916861	2
14930352	0	8	2147485248	15728640	2147483648	270532674	12916861	2
14930352	0	8	2147485248	15728640	2147483648	270532674	12916861	3
14930352	0	8	2147485248	15728640	2147483648	270532674	12916861	3
14930352	0	8	2147485248	15728640	2147483648	270532674	12916861	3
14930352	0	8	2147485248	15728640	2147483648	270532674	12916861	3
14930352	0	8	2147485248	15728640	2147483648	270532674	12916861	3
14930352	0	8	2147485248	15728640	2147483648	270532674	12916861	3
14930352	0	8	2147485248	15728640	2147483648	270532674	12916861	4
14930352	0	8	2147485248	15728640	2147483648	270532674	12916861	4
14930352	0	8	2147485248	15728640	2147483648	270532674	12916861	4
14930352	0	8	2147485248	15728640	2147483648	270532674	12916861	4
14930352	0	8	2147485248	15728640	2147483648	270532674	12916861	4
14930352	0	8	2147485248	15728640	2147483648	270532674	12916861	5
14930352	0	8	2147485248	15728640	2147483648	270532674	12916861	5
14930352	0	8	2147485248	15728640	2147483648	270532674	12916861	5
14930352	0	8	2147485248	15728640	2147483648	270532674	12916861	5
14930352	0	8	2147485248	15728640	2147483648	270532674	12916861	5
14930352	0	8	2147485248	15728640	2147483648	270532674	12916861	5
14930352	0	8	2147485248	15728640	2147483648	270532674	12916861	6
14930352	0	8	2147485248	15728640	2147483648	270532674	12916861	6
14930352	0	8	2147485248	15728640	2147483648	270532674	12916861	6
14930352	0	8	2147485248	15728640	2147483648	270532674	12916861	6
14930352	0	8	2147485248	15728640	2147483648	270532674	12916861	6
14930352	0	8	2147485248	15728640	2147483648	270532674	12916861	7
14930352	0	8	2147485248	15728640	2147483648	270532674	12916861	7
14930352	0	8	2147485248	15728640	2147483648	270532674	12916861	7
14930352	0	8	2147485248	15728640	2147483648	270532674	12916861	7
14930352	0	8	2147485248	15728640	2147483648	270532674	12916861	7
14930352	0	8	2147485248	15728640	2147483648	270532674	12916861	7
14930352	0	8	2147485248	15728640	2147483648	270532674	12916861	8
14930352	0	8	2147485248	15728640	2147483648	270532674	12916861	8
14930352	0	8	2147485248	15728640	2147483648	270532674	12916861	8
14930352	0	8	2147485248	15728640	2147483648	270532674	12916861	8
14930352	0	8	2147485248	15728640	2147483648	270532674	12916861	8
14930352	0	8	2147485248	15728640	2147483648	270532674	12916861	8
14930352	0	8	2147485248	15728640	2147483648	270532674	12916861	9
14930352	0	8	2147485248	15728640	2147483648	270532674	12916861	9
14930352	0	8	2147485248	15728640	2147483648	270532674	12916861	9
14930352	0	8	2147485248	15728640	2147483648	270532674	12916861	9
14930352	0	8	2147485248	15728640	2147483648	270532674	12916861	9
14930352	0	8	2147485248	15728640	2147483648	270532674	12916861	10
14930352	0	8	2147485248	15728640	2147483648	270532674	12916861	10
14930352	0	8	2147485248	15728640	2147483648	270532674	12916861	10
14930352	0	8	2147485248	15728640	2147483648	270532674	12916861	10
14930352	0	8	2147485248	15728640	2147483648	270532674	12916861	10
14930352	0	8	2147485248	15728640	2147483648	270532674	12916861	10
14930352	0	8	2147485248	15728640	2147483648	270532674	12916861	11
14930352	0	8	2147485248	15728640	2147483648	270532674	12916861	11
14930352	0	8	2147485248	15728640	2147483648	270532674	12916861	11
14930352	0	8	2147485248	15728640	2147483648	270532674	12916861	11
14930352	0	8	2147485248	15728640	2147483648	270532674	12916861	11
14930352	0	8	2147485248	15728640	2147483648	270532674	12916861	11
14930352	0	8	2147485248	15728640	2147483648	270532674	12916861	12
14930352	0	8	2147485248	15728640	2147483648	270532674	12916861	12
14930352	0	8	2147485248	15728640	2147483648	270532674	12916861	12
14930352	0	8	2147485248	15728640	2147483648	270532674	12916861	12
14930352	0	8	2147485248	15728640	2147483648	270532674	12916861	12
14930352	0	8	2147485248	15728640	2147483648	270532674	12916861	12
14930352	0	8	2147485248	15728640	2147483648	270532674	12916861	13
14930352	0	8	2147485248	15728640	2147483648	270532674	12916861	13
14930352	0	8	2147485248	15728640	2147483648	270532674	12916861	13
14930352	0	8	2147485248	15728640	2147483648	270532674	12916861	13
14930352	0	8	2147485248	15728640	2147483648	270532674	12916861	13
14930352	0	8	2147485248	15728640	2147483648	270532674	12916861	13
14930352	0	8	2147485248	15728640	2147483648	270532674	12916861	13
14930352	0	8	2147485248	15728640	2147483648	270532674	12916861	14
14930352	0	8	2147485248	15728640	2147483648	270532674	12916861	14
14930352	0	8	2147485248	15728640	2147483648	270532674	12916861	14
14930352	0	8	2147485248	15728640	2147483648	270532674	12916861	14
14930352	0	8	2147485248	15728640	2147483648	270532674	12916861	14
14930352	0	8	2147485248	15728640	2147483648	270532674	12916861	15
14930352	0	8	2147485248	15728640	2147483648	270532674	12916861	15
14930352	0	8	2147485248	15728640	2147483648	270532674	12916861	15
14930352	0	8	2147485248	15728640	2147483648	270532674	12916861	15
14930352	0	8	2147485248	15728640	2147483648	270532674	12916861	15
14930352	0	8	2147485248	15728640	2147483648	270532674	12916861	15
14930352	0	8	2147485248	15728640	2147483648	270532674	12916861	15
14930352	0	8	2147485248	15728640	2147483648	270532674	12916861	16
14930352	0	8	2147485248	15728640	2147483648	270532674	12916861	16
14930352	0	8	2147485248	15728640	2147483648	270532674	12916861	16
14930352	0	8	2147485248	15728640	2147483648	270532674	12916861	16
14930352	0	8	2147485248	15728640	2147483648	270532674	12916861	16
14930352	0	8	2147485248	15728640	2147483648	270532674	12916861	16
14930352	0	8	2147485248	15728640	2147483648	270532674	12916861	17
14930352	0	8	2147485248	15728640	2147483648	270532674	12916861	17
14930352	0	8	2147485248	15728640	2147483648	270532674	12916861	17
14930352	0	8	2147485248	15728640	2147483648	270532674	12916861	17
14930352	0	8	2147485248	15728640	2147483648	270532674	12916861	17
14930352	0	8	2147485248	15728640	2147483648	270532674	12916861	17
14930352	0	8	2147485248	15728640	2147483648	270532674	12916861	18
14930352	0	8	2147485248	15728640	2147483648	270532674	12916861	18
14930352	0	8	2147485248	15728640	2147483648	270532674	12916861	18
14930352	0	8	2147485248	15728640	2147483648	270532674	12916861	18
14930352	0	8	2147485248	15728640	2147483648	270532674	12916861	18
14930352	0	8	2147485248	15728640	2147483648	270532674	12916861	18
14930352	0	8	2147485248	15728640	2147483648	270532674	12916861	19
14930352	0	8	2147485248	15728640	2147483648	270532674	12916861	19
14930352	0	8	2147485248	15728640	2147483648	270532674	12916861	19
14930352	0	8	2147485248	15728640	2147483648	270532674	12916861	19
14930352	0	8	2147485248	15728640	2147483648	270532674	12916861	19
14930352	0	8	2147485248	15728640	2147483648	270532674	12916861	19
14930352	0	8	2147485248	15728640	2147483648	270532674	12916861	20
14930352	0	8	2147485248	15728640	2147483648	270532674	12916861	20
14930352	0	8	2147485248	15728640	2147483648	270532674	12916861	20
14930352	0	8	2147485248	15728640	2147483648	270532674	12916861	20
14930352	0	8	2147485248	15728640	2147483648	270532674	12916861	20
14930352	0	8	2147485248	15728640	2147483648	270532674	12916861	20
14930352	0	8	2147485248	15728640	2147483648	270532674	12916861	21
14930352	0	8	2147485248	15728640	2147483648	270532674	12916861	21
14930352	0	8	2147485248	15728640	2147483648	270532674	12916861	21
14930352	0	8	2147485248	15728640	2147483648	270532674	12916861	21
14930352	0	8	2147485248	15728640	2147483648	270532674	12916861	21
14930352	0	8	2147485248	15728640	2147483648	270532674	12916861	21
14930352	0	8	2147485248	15728640	2147483648	270532674	12916861	21
14930352	0	8	2147485248	15728640	2147483648	270532674	12916861	22
14930352	0	8	2147485248	15728640	2147483648	270532674	12916861	22
14930352	0	8	2147485248	15728640	2147483648	270532674	12916861	22
14930352	0	8	2147485248	15728640	2147483648	270532674	12916861	22
14930352	0	8	2147485248	15728640	2147483648	270532674	12916861	22
14930352	0	8	2147485248	15728640	2147483648	270532674	12916861	22
14930352	0	8	2147485248	15728640	2147483648	270532674	12916861	23
14930352	0	8	2147485248	15728640	2147483648	270532674	12916861	23
14930352	0	8	2147485248	15728640	2147483648	270532674	12916861	23
14930352	0	8	2147485248	15728640	2147483648	270532674	12916861	23
14930352	0	8	2147485248	15728640	2147483648	270532674	12916861	23
14930352	0	8	2147485248	15728640	2147483648	270532674	12916861	23
14930352	0	8	2147485248	15728640	2147483648	270532674	12916861	23
14930352	0	8	2147485248	15728640	2147483648	270532674	12916861	24
14930352	0	8	2147485248	15728640	2147483648	270532674	12916861	24
14930352	0	8	2147485248	15728640	2147483648	270532674	12916861	24
14930352	0	8	2147485248	15728640	2147483648	270532674	12916861	24
14930352	0	8	2147485248	15728640	2147483648	270532674	12916861	24
14930352	0	8	2147485248	15728640	2147483648	270532674	12916861	25
14930352	0	8	2147485248	15728640	2147483648	270532674	12916861	25
14930352	0	8	2147485248	15728640	2147483648	270532674	12916861	25
14930352	0	8	2147485248	15728640	2147483648	270532674	12916861	25
14930352	0	8	2147485248	15728640	2147483648	270532674	12916861	25
14930352	0	8	2147485248	15728640	2147483648	270532674	12916861	25
14930352	0	8	2147485248	15728640	2147483648	270532674	12916861	26
14930352	0	8	2147485248	15728640	2147483648	270532674	12916861	26
14930352	0	8	2147485248	15728640	2147483648	270532674	12916861	26
14930352	0	8	2147485248	15728640	2147483648	270532674	12916861	26
14930352	0	8	2147485248	15728640	2147483648	270532674	12916861	26
14930352	0	8	2147485248	15728640	2147483648	270532674	12916861	26
14930352	0	8	2147485248	15728640	2147483648	270532674	12916861	26
14930352	0	8	2147485248	15728640	2147483648	270532674	12916861	27
14930352	0	8	2147485248	15728640	2147483648	270532674	12916861	27
14930352	0	8	2147485248	15728640	2147483648	270532674	12916861	27
14930352	0	8	2147485248	15728640	2147483648	270532674	12916861	27
14930352	0	8	2147485248	15728640	2147483648	270532674	12916861	27
14930352	0	8	2147485248	15728640	2147483648	270532674	12916861	28
14930352	0	8	2147485248	15728640	2147483648	270532674	12916861	28
14930352	0	8	2147485248	15728640	2147483648	270532674	12916861	28
14930352	0	8	2147485248	15728640	2147483648	270532674	12916861	28
14930352	0	8	2147485248	15728640	2147483648	270532674	12916861	28
14930352	0	8	2147485248	15728640	2147483648	270532674	12916861	28
14930352	0	8	2147485248	15728640	2147483648	270532674	12916861	28
14930352	0	8	2147485248	15728640	2147483648	270532674	12916861	29
14930352	0	8	2147485248	15728640	2147483648	270532674	12916861	29
14930352	0	8	2147485248	15728640	2147483648	270532674	12916861	29
14930352	0	8	2147485248	15728640	2147483648	270532674	12916861	29
14930352	0	8	2147485248	15728640	2147483648	270532674	12916861	29
14930352	0	8	2147485248	15728640	2147483648	270532674	12916861	29
14930352	0	8	2147485248	15728640	2147483648	270532674	12916861	30
14930352	0	8	2147485248	15728640	2147483648	270532674	12916861	30
14930352	0	8	2147485248	15728640	2147483648	270532674	12916861	30
14930352	0	8	2147485248	15728640	2147483648	270532674	12916861	30
14930352	0	8	2147485248	15728640	2147483648	270532674	12916861	30
14930352	0	8	2147485248	15728640	2147483648	270532674	12916861	30
14930352	0	8	2147485248	15728640	2147483648	270532674	12916861	31
14930352	0	8	2147485248	15728640	2147483648	270532674	12916861	31
14930352	0	8	2147485248	15728640	2147483648	270532674	12916861	31
14930352	0	8	2147485248	15728640	2147483648	270532674	12916861	31
14930352	0	8	2147485248	15728640	2147483648	270532674	12916861	31
14930352	0	8	2147485248	15728640	2147483648	270532674	12916861	31
14930352	0	8	2147485248	15728640	2147483648	270532674	12916861	31
14930352	0	8	2147485248	15728640	2147483648	270532674	12916861	32
14930352	0	8	2147485248	15728640	2147483648	270532674	12916861	32
14930352	0	8	2147485248	15728640	2147483648	270532674	12916861	32
14930352	0	8	2147485248	15728640	2147483648	270532674	12916861	32
14930352	0	8	2147485248	15728640	2147483648	270532674	12916861	32
14930352	0	8	2147485248	15728640	2147483648	270532674	12916861	32
14930352	0	8	2147485248	15728640	2147483648	270532674	12916861	33
14930352	0	8	2147485248	15728640	2147483648	270532674	12916861	33
14930352	0	8	2147485248	15728640	2147483648	270532674	12916861	33
14930352	0	8	2147485248	15728640	2147483648	270532674	12916861	33
14930352	0	8	2147485248	15728640	2147483648	270532674	12916861	33
14930352	0	8	2147485248	15728640	2147483648	270532674	12916861	33
14930352	0	8	2147485248	15728640	2147483648	270532674	12916861	33
14930352	0	8	2147485248	15728640	2147483648	270532674	12916861	34
14930352	0	8	2147485248	15728640	2147483648	270532674	12916861	34
14930352	0	8	2147485248	15728640	2147483648	270532674	12916861	34
14930352	0	8	2147485248	15728640	2147483648	270532674	12916861	34
14930352	0	8	2147485248	15728640	2147483648	270532674	12916861	34
14930352	0	8	2147485248	15728640	2147483648	270532674	12916861	34
14930352	0	8	2147485248	15728640	2147483648	270532674	12916861	35
14930352	0	8	2147485248	15728640	2147483648	270532674	12916861	35
14930352	0	8	2147485248	15728640	2147483648	270532674	12916861	35
14930352	0	8	2147485248	15728640	2147483648	270532674	12916861	35
14930352	0	8	2147485248	15728640	2147483648	270532674	12916861	35
14930352	0	8	2147485248	15728640	2147483648	270532674	12916861	35
14930352	0	8	2147485248	15728640	2147483648	270532674	12916861	36
14930352	0	8	2147485248	15728640	2147483648	270532674	12916861	36
14930352	0	8	2147485248	15728640	2147483648	270532674	12916861	36
14930352	0	8	2147485248	15728640	2147483648	270532674	12916861	36
14930352	0	8	2147485248	15728640	2147483648	270532674	12916861	36
14930352	0	8	2147485248	15728640	2147483648	270532674	12916861	36
14930352	0	8	2147485248	15728640	2147483648	270532674	12916861	36
14930352	0	8	2147485248	15728640	2147483648	270532674	12916861	37
14930352	0	8	2147485248	15728640	2147483648	270532674	12916861	37
14930352	0	8	2147485248	15728640	2147483648	270532674	12916861	37
14930352	0	8	2147485248	15728640	2147483648	270532674	12916861	37
14930352	0	8	2147485248	15728640	2147483648	270532674	12916861	37
14930352	0	8	2147485248	15728640	2147483648	270532674	12916861	37
14930352	0	8	2147485248	15728640	2147483648	270532674	12916861	38
14930352	0	8	2147485248	15728640	2147483648	270532674	12916861	38
14930352	0	8	2147485248	15728640	2147483648	270532674	12916861	38
14930352	0	8	2147485248	15728640	2147483648	270532674	12916861	38
14930352	0	8	2147485248	15728640	2147483648	270532674	12916861	38
14930352	0	8	2147485248	15728640	2147483648	270532674	12916861	38
14930352	0	8	2147485248	15728640	2147483648	270532674	12916861	38
14930352	0	8	2147485248	15728640	2147483648	270532674	12916861	39
14930352	0	8	2147485248	15728640	2147483648	270532674	12916861	39
14930352	0	8	2147485248	15728640	2147483648	270532674	12916861	39
14930352	0	8	2147485248	15728640	2147483648	270532674	12916861	39
14930352	0	8	2147485248	15728640	2147483648	270532674	12916861	39
14930352	0	8	2147485248	15728640	2147483648	270532674	12916861	39
14930352	0	8	2147485248	15728640	2147483648	270532674	12916861	40
14930352	0	8	2147485248	15728640	2147483648	270532674	12916861	40
14930352	0	8	2147485248	15728640	2147483648	270532674	12916861	40
14930352	0	8	2147485248	15728640	2147483648	270532674	12916861	40
14930352	0	8	2147485248	15728640	2147483648	270532674	12916861	40
14930352	0	8	2147485248	15728640	2147483648	270532674	12916861	40
14930352	0	8	2147485248	15728640	2147483648	270532674	12916861	41
14930352	0	8	2147485248	15728640	2147483648	270532674	12916861	41
14930352	0	8	2147485248	15728640	2147483648	270532674	12916861	41
14930352	0	8	2147485248	15728640	2147483648	270532674	12916861	41
14930352	0	8	2147485248	15728640	2147483648	270532674	12916861	41
14930352	0	8	2147485248	15728640	2147483648	270532674	12916861	41
14930352	0	8	2147485248	15728640	2147483648	270532674	12916861	41
14930352	0	8	2147485248	15728640	2147483648	270532674	12916861	42
14930352	0	8	2147485248	15728640	2147483648	270532674	12916861	42
14930352	0	8	2147485248	15728640	2147483648	270532674	12916861	42
14930352	0	8	2147485248	15728640	2147483648	270532674	12916861	42
14930352	0	8	2147485248	15728640	2147483648	270532674	12916861	42
14930352	0	8	2147485248	15728640	2147483648	270532674	12916861	42
14930352	0	8	2147485248	15728640	2147483648	270532674	12916861	43
14930352	0	8	2147485248	15728640	2147483648	270532674	12916861	43
14930352	0	8	2147485248	15728640	2147483648	270532674	12916861	43
14930352	0	8	2147485248	15728640	2147483648	270532674	12916861	43
14930352	0	8	2147485248	15728640	2147483648	270532674	12916861	43
14930352	0	8	2147485248	15728640	2147483648	270532674	12916861	43
14930352	0	8	2147485248	15728640	2147483648	270532674	12916861	43
14930352	0	8	2147485248	15728640	2147483648	270532674	12916861	44
14930352	0	8	2147485248	15728640	2147483648	270532674	12916861	44
14930352	0	8	2147485248	15728640	2147483648	270532674	12916861	44
14930352	0	8	2147485248	15728640	2147483648	270532674	12916861	44
14930352	0	8	2147485248	15728640	2147483648	270532674	12916861	44
14930352	0	8	2147485248	15728640	2147483648	270532674	12916861	45
14930352	0	8	2147485248	15728640	2147483648	270532674	12916861	45
14930352	0	8	2147485248	15728640	2147483648	270532674	12916861	45
14930352	0	8	2147485248	15728640	2147483648	270532674	12916861	45
14930352	0	8	2147485248	15728640	2147483648	270532674	12916861	45
14930352	0	8	2147485248	15728640	2147483648	270532674	12916861	45
14930352	0	8	2147485248	15728640	2147483648	270532674	12916861	45
14930352	0	8	2147485248	15728640	2147483648	270532674	12916861	46
14930352	0	8	2147485248	15728640	2147483648	270532674	12916861	46
14930352	0	8	2147485248	15728640	2147483648	270532674	12916861	46
14930352	0	8	2147485248	15728640	2147483648	270532674	12916861	46
14930352	0	8	2147485248	15728640	2147483648	270532674	12916861	46
14930352	0	8	2147485248	15728640	2147483648	270532674	12916861	46
14930352	0	8	2147485248	15728640	2147483648	270532674	12916861	46
14930352	0	8	2147485248	15728640	2147483648	270532674	12916861	47
14930352	0	8	2147485248	15728640	2147483648	270532674	12916861	47
14930352	0	8	2147485248	15728640	2147483648	270532674	12916861	47
14930352	0	8	2147485248	15728640	2147483648	270532674	12916861	47
14930352	0	8	2147485248	15728640	2147483648	270532674	12916861	47
14930352	0	8	2147485248	15728640	2147483648	270532674	12916861	47
14930352	0	8	2147485248	15728640	2147483648	270532674	12916861	48
14930352	0	8	2147485248	15728640	2147483648	270532674	12916861	48
14930352	0	8	2147485248	15728640	2147483648	270532674	12916861	48
14930352	0	8	2147485248	15728640	2147483648	270532674	12916861	48
14930352	0	8	2147485248	15728640	2147483648	270532674	12916861	48
14930352	0	8	2147485248	15728640	2147483648	270532674	12916861	48
14930352	0	8	2147485248	15728640	2147483648	270532674	12916861	48
14930352	0	8	2147485248	15728640	2147483648	270532674	12916861	49
14930352	0	8	2147485248	15728640	2147483648	270532674	12916861	49
14930352	0	8	2147485248	15728640	2147483648	270532674	12916861	49
14930352	0	8	2147485248	15728640	2147483648	270532674	12916861	49
14930352	0	8	2147485248	15728640	2147483648	270532674	12916861	49
14930352	0	8	2147485248	15728640	2147483648	270532674	12916861	50
14930352	0	8	2147485248	15728640	2147483648	270532674	12916861	50
14930352	0	8	2147485248	15728640	2147483648	270532674	12916861	50
14930352	0	8	2147485248	15728640	2147483648	270532674	12916861	50
14930352	0	8	2147485248	15728640	2147483648	270532674	12916861	50
14930352	0	8	2147485248	15728640	2147483648	270532674	12916861	50
14930352	0	8	2147485248	15728640	2147483648	270532674	12916861	50
14930352	0	8	2147485248	15728640	2147483648	270532674	12916861	51
14930352	0	8	2147485248	15728640	2147483648	270532674	12916861	51
14930352	0	8	2147485248	15728640	2147483648	270532674	12916861	51
14930352	0	8	2147485248	15728640	2147483648	270532674	12916861	51
14930352	0	8	2147485248	15728640	2147483648	270532674	12916861	51
14930352	0	8	2147485248	15728640	2147483648	270532674	12916861	51
14930352	0	8	2147485248	15728640	2147483648	270532674	12916861	52
14930352	0	8	2147485248	15728640	2147483648	270532674	12916861	52
14930352	0	8	2147485248	15728640	2147483648	270532674	12916861	52
14930352	0	8	2147485248	15728640	2147483648	270532674	12916861	52
14930352	0	8	2147485248	15728640	2147483648	270532674	12916861	52
14930352	0	8	2147485248	15728640	2147483648	270532674	12916861	52
14930352	0	8	2147485248	15728640	2147483648	270532674	12916861	52
14930352	0	8	2147485248	15728640	2147483648	270532674	12916861	53
14930352	0	8	2147485248	15728640	2147483648	270532674	12916861	53
14930352	0	8	2147485248	15728640	2147483648	270532674	12916861	53
14930352	0	8	2147485248	15728640	2147483648	270532674	12916861	53
14930352	0	8	2147485248	15728640	2147483648	270532674	12916861	53
14930352	0	8	2147485248	15728640	2147483648	270532674	12916861	53
14930352	0	8	2147485248	15728640	2147483648	270532674	12916861	54
14930352	0	8	2147485248	15728640	2147483648	270532674	12916861	54
14930352	0	8	2147485248	15728640	2147483648	270532674	12916861	54
14930352	0	8	2147485248	15728640	2147483648	270532674	12916861	54
14930352	0	8	2147485248	15728640	2147483648	270532674	12916861	54
14930352	0	8	2147485248	15728640	2147483648	270532674	12916861	54
14930352	0	8	2147485248	15728640	2147483648	270532674	12916861	55
14930352	0	8	2147485248	15728640	2147483648	270532674	12916861	55
14930352	0	8	2147485248	15728640	2147483648	270532674	12916861	55
14930352	0	8	2147485248	15728640	2147483648	270532674	12916861	55
14930352	0	8	2147485248	15728640	2147483648	270532674	12916861	55
14930352	0	8	2147485248	15728640	2147483648	270532674	12916861	55
14930352	0	8	2147485248	15728640	2147483648	270532674	12916861	55
14930352	0	8	2147485248	15728640	2147483648	270532674	12916861	56
14930352	0	8	2147485248	15728640	2147483648	270532674	12916861	56
14930352	0	8	2147485248	15728640	2147483648	270532674	12916861	56
14930352	0	8	2147485248	15728640	2147483648	270532674	12916861	56
14930352	0	8	2147485248	15728640	2147483648	270532674	12916861	56
14930352	0	8	2147485248	15728640	2147483648	270532674	12916861	56
14930352	0	8	2147485248	15728640	2147483648	270532674	12916861	57
14930352	0	8	2147485248	15728640	2147483648	270532674	12916861	57
14930352	0	8	2147485248	15728640	2147483648	270532674	12916861	57
14930352	0	8	2147485248	15728640	2147483648	270532674	12916861	57
14930352	0	8	2147485248	15728640	2147483648	270532674	12916861	57
14930352	0	8	2147485248	15728640	2147483648	270532674	12916861	57
14930352	0	8	2147485248	15728640	2147483648	270532674	12916861	58
14930352	0	8	2147485248	15728640	2147483648	270532674	12916861	58
14930352	0	8	2147485248	15728640	2147483648	270532674	12916861	58
14930352	0	8	2147485248	15728640	2147483648	270532674	12916861	58
14930352	0	8	2147485248	15728640	2147483648	270532674	12916861	58
14930352	0	8	2147485248	15728640	2147483648	270532674	12916861	58
14930352	0	8	2147485248	15728640	2147483648	270532674	12916861	58
14930352	0	8	2147485248	15728640	2147483648	270532674	12916861	59
14930352	0	8	2147485248	15728640	2147483648	270532674	12916861	59
14930352	0	8	2147485248	15728640	2147483648	270532674	12916861	59
14930352	0	8	2147485248	15728640	2147483648	270532674	12916861	59
14930352	0	8	2147485248	15728640	2147483648	270532674	12916861	59
14930352	0	8	2147485248	15728640	2147483648	270532674	12916861	59
14930352	0	8	2147485248	15728640	2147483648	270532674	12916861	60
14930352	0	8	2147485248	15728640	2147483648	270532674	12916861	60
14930352	0	8	2147485248	15728640	2147483648	270532674	12916861	60
14930352	0	8	2147485248	15728640	2147483648	270532674	12916861	60
14930352	0	8	2147485248	15728640	2147483648	270532674	12916861	60
14930352	0	8	2147485248	15728640	2147483648	270532674	12916861	60
14930352	0	8	2147485248	15728640	2147483648	270532674	12916861	61
14930352	0	8	2147485248	15728640	2147483648	270532674	12916861	61
14930352	0	8	2147485248	15728640	2147483648	270532674	12916861	61
14930352	0	8	2147485248	15728640	2147483648	270532674	12916861	61
14930352	0	8	2147485248	15728640	2147483648	270532674	12916861	61
14930352	0	8	2147485248	15728640	2147483648	270532674	12916861	61
14930352	0	8	2147485248	15728640	2147483648	270532674	12916861	62
14930352	0	8	2147485248	15728640	2147483648	270532674	12916861	62
14930352	0	8	2147485248	15728640	2147483648	270532674	12916861	62
14930352	0	8	2147485248	15728640	2147483648	270532674	12916861	62
14930352	0	8	2147485248	15728640	2147483648	270532674	12916861	62
14930352	0	8	2147485248	15728640	2147483648	270532674	12916861	62
14930352	0	8	2147485248	15728640	2147483648	270532674	12916861	62
14930352	0	8	2147485248	15728640	2147483648	270532674	12916861	63
14930352	0	8	2147485248	15728640	2147483648	270532674	12916861	63
14930352	0	8	2147485248	15728640	2147483648	270532674	12916861	63
14930352	0	8	2147485248	15728640	2147483648	270532674	12916861	63
14930352	0	8	2147485248	15728640	2147483648	270532674	12916861	63
14930352	0	8	2147485248	15728640	2147483648	270532674	12916861	63
14930352	0	8	2147485248	15728640	2147483648	270532674	12916861	63
14930352	0	8	2147485248	15728640	2147483648	270532674	12916861	64
14930352	0	8	2147485248	15728640	2147483648	270532674	12916861	64
14930352	0	8	2147485248	15728640	2147483648	270532674	12916861	64
14930352	0	8	2147485248	15728640	2147483648	270532674	12916861	64
14930352	0	8	2147485248	15728640	2147483648	270532674	12916861	64
14930352	0	8	2147485248	15728640	2147483648	270532674	12916861	64
14930352	0	8	2147485248	15728640	2147483648	270532674	12916861	65
14930352	0	8	2147485248	15728640	2147483648	270532674	12916861	65
14930352	0	8	2147485248	15728640	2147483648	270532674	12916861	65
14930352	0	8	2147485248	15728640	2147483648	270532674	12916861	65
14930352	0	8	2147485248	15728640	2147483648	270532674	12916861	65
14930352	0	8	2147485248	15728640	2147483648	270532674	12916861	65
14930352	0	8	2147485248	15728640	2147483648	270532674	12916861	66
14930352	0	8	2147485248	15728640	2147483648	270532674	12916861	66
14930352	0	8	2147485248	15728640	2147483648	270532674	12916861	66
14930352	0	8	2147485248	15728640	2147483648	270532674	12916861	66
14930352	0	8	2147485248	15728640	2147483648	270532674	12916861	66
14930352	0	8	2147485248	15728640	2147483648	270532674	12916861	66
14930352	0	8	2147485248	15728640	2147483648	270532674	12916861	67
14930352	0	8	2147485248	15728640	2147483648	270532674	12916861	67
14930352	0	8	2147485248	15728640	2147483648	270532674	12916861	67
14930352	0	8	2147485248	15728640	2147483648	270532674	12916861	67
14930352	0	8	2147485248	15728640	2147483648	270532674	12916861	67
14930352	0	8	2147485248	15728640	2147483648	270532674	12916861	67
14930352	0	8	2147485248	15728640	2147483648	270532674	12916861	67
14930352	0	8	2147485248	15728640	2147483648	270532674	12916861	68
14930352	0	8	2147485248	15728640	2147483648	270532674	12916861	68
14930352	0	8	2147485248	15728640	2147483648	270532674	12916861	68
14930352	0	8	2147485248	15728640	2147483648	270532674	12916861	68
14930352	0	8	2147485248	15728640	2147483648	270532674	12916861	68
14930352	0	8	2147485248	15728640	2147483648	270532674	12916861	68
14930352	0	8	2147485248	15728640	2147483648	270532674	12916861	69
14930352	0	8	2147485248	15728640	2147483648	270532674	12916861	69
14930352	0	8	2147485248	15728640	2147483648	270532674	12916861	69
14930352	0	8	2147485248	15728640	2147483648	270532674	12916861	69
14930352	0	8	2147485248	15728640	2147483648	270532674	12916861	69
14930352	0	8	2147485248	15728640	2147483648	270532674	12916861	69
14930352	0	8	2147485248	15728640	2147483648	270532674	12916861	70
14930352	0	8	2147485248	15728640	2147483648	270532674	12916861	70
14930352	0	8	2147485248	15728640	2147483648	270532674	12916861	70
14930352	0	8	2147485248	15728640	2147483648	270532674	12916861	70
14930352	0	8	2147485248	15728640	2147483648	270532674	12916861	70
14930352	0	8	2147485248	15728640	2147483648	270532674	12916861	70
14930352	0	8	2147485248	15728640	2147483648	270532674	12916861	70
14930352	0	8	2147485248	15728640	2147483648	270532674	12916861	71
14930352	0	8	2147485248	15728640	2147483648	270532674	12916861	71
14930352	0	8	2147485248	15728640	2147483648	270532674	12916861	71
14930352	0	8	2147485248	15728640	2147483648	270532674	12916861	71
14930352	0	8	2147485248	15728640	2147483648	270532674	12916861	71
14930352	0	8	2147485248	15728640	2147483648	270532674	12916861	71
14930352	0	8	2147485248	15728640	2147483648	270532674	12916861	72
14930352	0	8	2147485248	15728640	2147483648	270532674	12916861	72
14930352	0	8	2147485248	15728640	2147483648	270532674	12916861	72
14930352	0	8	2147485248	15728640	2147483648	270532674	12916861	72
14930352	0	8	2147485248	15728640	2147483648	270532674	12916861	72
14930352	0	8	2147485248	15728640	2147483648	270532674	12916861	72
14930352	0	8	2147485248	15728640	2147483648	270532674	12916861	72
14930352	0	8	2147485248	15728640	2147483648	270532674	12916861	73
14930352	0	8	2147485248	15728640	2147483648	270532674	12916861	73
14930352	0	8	2147485248	15728640	2147483648	270532674	12916861	73
14930352	0	8	2147485248	15728640	2147483648	270532674	12916861	73
14930352	0	8	2147485248	15728640	2147483648	270532674	12916861	73
14930352	0	8	2147485248	15728640	2147483648	270532674	12916861	74
14930352	0	8	2147485248	15728640	2147483648	270532674	12916861	74
14930352	0	8	2147485248	15728640	2147483648	270532674	12916861	74
14930352	0	8	2147485248	15728640	2147483648	270532674	12916861	74
14930352	0	8	2147485248	15728640	2147483648	270532674	12916861	74
14930352	0	8	2147485248	15728640	2147483648	270532674	12916861	74
14930352	0	8	2147485248	15728640	2147483648	270532674	12916861	74
14930352	0	8	2147485248	15728640	2147483648	270532674	12916861	75
14930352	0	8	2147485248	15728640	2147483648	270532674	12916861	75
14930352	0	8	2147485248	15728640	2147483648	270532674	12916861	75
14930352	0	8	2147485248	15728640	2147483648	270532674	12916861	75
14930352	0	8	2147485248	15728640	2147483648	270532674	12916861	75
14930352	0	8	2147485248	15728640	2147483648	270532674	12916861	75
14930352	0	8	2147485248	15728640	2147483648	270532674	12916861	75
14930352	0	8	2147485248	15728640	2147483648	270532674	12916861	76
14930352	0	8	2147485248	15728640	2147483648	270532674	12916861	76
14930352	0	8	2147485248	15728640	2147483648	270532674	12916861	76
14930352	0	8	2147485248	15728640	2147483648	270532674	12916861	76
14930352	0	8	2147485248	15728640	2147483648	270532674	12916861	76
14930352	0	8	2147485248	15728640	2147483648	270532674	12916861	77
14930352	0	8	2147485248	15728640	2147483648	270532674	12916861	77
14930352	0	8	2147485248	15728640	2147483648	270532674	12916861	77
14930352	0	8	2147485248	15728640	2147483648	270532674	12916861	77
14930352	0	8	2147485248	15728640	2147483648	270532674	12916861	77
14930352	0	8	2147485248	15728640	2147483648	270532674	12916861	77
14930352	0	8	2147485248	15728640	2147483648	270532674	12916861	77
14930352	0	8	2147485248	15728640	2147483648	270532674	12916861	78
14930352	0	8	2147485248	15728640	2147483648	270532674	12916861	78
14930352	0	8	2147485248	15728640	2147483648	270532674	12916861	78
14930352	0	8	2147485248	15728640	2147483648	270532674	12916861	78
14930352	0	8	2147485248	15728640	2147483648	270532674	12916861	78
14930352	0	8	2147485248	15728640	2147483648	270532674	12916861	78
14930352	0	8	2147485248	15728640	2147483648	270532674	12916861	79
14930352	0	8	2147485248	15728640	2147483648	270532674	12916861	79
14930352	0	8	2147485248	15728640	2147483648	270532674	12916861	79
14930352	0	8	2147485248	15728640	2147483648	270532674	12916861	79
14930352	0	8	2147485248	15728640	2147483648	270532674	12916861	79
14930352	0	8	2147485248	15728640	2147483648	270532674	12916861	79
14930352	0	8	2147485248	15728640	2147483648	270532674	12916861	79
14930352	0	8	2147485248	15728640	2147483648	270532674	12916861	80
14930352	0	8	2147485248	15728640	2147483648	270532674	12916861	80
14930352	0	8	2147485248	15728640	2147483648	270532674	12916861	80
14930352	0	8	2147485248	15728640	2147483648	270532674	12916861	80
14930352	0	8	2147485248	15728640	2147483648	270532674	12916861	80
14930352	0	8	2147485248	15728640	2147483648	270532674	12916861	80
14930352	0	8	2147485248	15728640	2147483648	270532674	12916861	80
14930352	0	8	2147485248	15728640	2147483648	270532674	12916861	81
14930352	0	8	2147485248	15728640	2147483648	270532674	12916861	81
14930352	0	8	2147485248	15728640	2147483648	270532674	12916861	81
14930352	0	8	2147485248	15728640	2147483648	270532674	12916861	81
14930352	0	8	2147485248	15728640	2147483648	270532674	12916861	81
14930352	0	8	2147485248	15728640	2147483648	270532674	12916861	82
14930352	0	8	2147485248	15728640	2147483648	270532674	12916861	82
14930352	0	8	2147485248	15728640	2147483648	270532674	12916861	82
14930352	0	8	2147485248	15728640	2147483648	270532674	12916861	82
14930352	0	8	2147485248	15728640	2147483648	270532674	12916861	82
14930352	0	8	2147485248	15728640	2147483648	270532674	12916861	82
14930352	0	8	2147485248	15728640	2147483648	270532674	12916861	82
14930352	0	8	2147485248	15728640	2147483648	270532674	12916861	83
14930352	0	8	2147485248	15728640	2147483648	270532674	12916861	83
14930352	0	8	2147485248	15728640	2147483648	270532674	12916861	83
14930352	0	8	2147485248	15728640	2147483648	270532674	12916861	83
14930352	0	8	2147485248	15728640	2147483648	270532674	12916861	83
14930352	0	8	2147485248	15728640	2147483648	270532674	12916861	83
14930352	0	8	2147485248	15728640	2147483648	270532674	12916861	84
14930352	0	8	2147485248	15728640	2147483648	270532674	12916861	84
14930352	0	8	2147485248	15728640	2147483648	270532674	12916861	84
14930352	0	8	2147485248	15728640	2147483648	270532674	12916861	84
14930352	0	8	2147485248	15728640	2147483648	270532674	12916861	84
14930352	0	8	2147485248	15728640	2147483648	270532674	12916861	84
14930352	0	8	2147485248	15728640	2147483648	270532674	12916861	84
14930352	0	8	2147485248	15728640	2147483648	270532674	12916861	85
14930352	0	8	2147485248	15728640	2147483648	270532674	12916861	85
14930352	0	8	2147485248	15728640	2147483648	270532674	12916861	85
14930352	0	8	2147485248	15728640	2147483648	270532674	12916861	85
14930352	0	8	2147485248	15728640	2147483648	270532674	12916861	85
14930352	0	8	2147485248	15728640	2147483648	270532674	12916861	85
14930352	0	8	2147485248	15728640	2147483648	270532674	12916861	85
14930352	0	8	2147485248	15728640	2147483648	270532674	12916861	86
14930352	0	8	2147485248	15728640	2147483648	270532674	12916861	86
14930352	0	8	2147485248	15728640	2147483648	270532674	12916861	86
14930352	0	8	2147485248	15728640	2147483648	270532674	12916861	86
14930352	0	8	2147485248	15728640	2147483648	270532674	12916861	86
14930352	0	8	2147485248	15728640	2147483648	270532674	12916861	87
14930352	0	8	2147485248	15728640	2147483648	270532674	12916861	87
14930352	0	8	2147485248	15728640	2147483648	270532674	12916861	87
14930352	0	8	2147485248	15728640	2147483648	270532674	12916861	87
14930352	0	8	2147485248	15728640	2147483648	270532674	12916861	87
14930352	0	8	2147485248	15728640	2147483648	270532674	12916861	87
14930352	0	8	2147485248	15728640	2147483648	270532674	12916861	87
14930352	0	8	2147485248	15728640	2147483648	270532674	12916861	88
14930352	0	8	2147485248	15728640	2147483648	270532674	12916861	88
14930352	0	8	2147485248	15728640	2147483648	270532674	12916861	88
14930352	0	8	2147485248	15728640	2147483648	270532674	12916861	88
14930352	0	8	2147485248	15728640	2147483648	270532674	12916861	88
14930352	0	8	2147485248	15728640	2147483648	270532674	12916861	88
14930352	0	8	2147485248	15728640	2147483648	270532674	12916861	89
14930352	0	8	2147485248	15728640	2147483648	270532674	12916861	89
14930352	0	8	2147485248	15728640	2147483648	270532674	12916861	89
14930352	0	8	2147485248	15728640	2147483648	270532674	12916861	89
14930352	0	8	2147485248	15728640	2147483648	270532674	12916861	89
14930352	0	8	2147485248	15728640	2147483648	270532674	12916861	89
14930352	0	8	2147485248	15728640	2147483648	270532674	12916861	89
14930352	0	8	2147485248	15728640	2147483648	270532674	12916861	90
14930352	0	8	2147485248	15728640	2147483648	270532674	12916861	90
14930352	0	8	2147485248	15728640	2147483648	270532674	12916861	90
14930352	0	8	2147485248	15728640	2147483648	270532674	12916861	90
14930352	0	8	2147485248	15728640	2147483648	270532674	12916861	90
14930352	0	8	2147485248	15728640	2147483648	270532674	12916861	90
14930352	0	8	2147485248	15728640	2147483648	270532674	12916861	91
14930352	0	8	2147485248	15728640	2147483648	270532674	12916861	91
14930352	0	8	2147485248	15728640	2147483648	270532674	12916861	91
14930352	0	8	2147485248	15728640	2147483648	270532674	12916861	91
14930352	0	8	2147485248	15728640	2147483648	270532674	12916861	91
14930352	0	8	2147485248	15728640	2147483648	270532674	12916861	91
14930352	0	8	2147485248	15728640	2147483648	270532674	12916861	92
14930352	0	8	2147485248	15728640	2147483648	270532674	12916861	92
14930352	0	8	2147485248	15728640	2147483648	270532674	12916861	92
14930352	0	8	2147485248	15728640	2147483648	270532674	12916861	92
14930352	0	8	2147485248	15728640	2147483648	270532674	12916861	92
14930352	0	8	2147485248	15728640	2147483648	270532674	12916861	92
14930352	0	8	2147485248	15728640	2147483648	270532674	12916861	93
14930352	0	8	2147485248	15728640	2147483648	270532674	12916861	93
14930352	0	8	2147485248	15728640	2147483648	270532674	12916861	93
14930352	0	8	2147485248	15728640	2147483648	270532674	12916861	93
14930352	0	8	2147485248	15728640	2147483648	270532674	12916861	93
14930352	0	8	2147485248	15728640	2147483648	270532674	12916861	93
14930352	0	8	2147485248	15728640	2147483648	270532674	12916861	94
14930352	0	8	2147485248	15728640	2147483648	270532674	12916861	94
14930352	0	8	2147485248	15728640	2147483648	270532674	12916861	94
14930352	0	8	2147485248	15728640	2147483648	270532674	12916861	94
14930352	0	8	2147485248	15728640	2147483648	270532674	12916861	94
14930352	0	8	2147485248	15728640	2147483648	270532674	12916861	94
14930352	0	8	2147485248	15728640	2147483648	270532674	12916861	94
14930352	0	8	2147485248	15728640	2147483648	270532674	12916861	95
14930352	0	8	2147485248	15728640	2147483648	270532674	12916861	95
14930352	0	8	2147485248	15728640	2147483648	270532674	12916861	95
14930352	0	8	2147485248	15728640	2147483648	270532674	12916861	95
14930352	0	8	2147485248	15728640	2147483648	270532674	12916861	95
14930352	0	8	2147485248	15728640	2147483648	270532674	12916861	95
14930352	0	8	2147485248	15728640	2147483648	270532674	12916861	96
14930352	0	8	2147485248	15728640	2147483648	270532674	12916861	96
14930352	0	8	2147485248	15728640	2147483648	270532674	12916861	96
14930352	0	8	2147485248	15728640	2147483648	270532674	12916861	96
14930352	0	8	2147485248	15728640	2147483648	270532674	12916861	96
14930352	0	8	2147485248	15728640	2147483648	270532674	12916861	96
14930352	0	8	2147485248	15728640	2147483648	270532674	12916861	97
14930352	0	8	2147485248	15728640	2147483648	270532674	12916861	97
14930352	0	8	2147485248	15728640	2147483648	270532674	12916861	97
14930352	0	8	2147485248	15728640	2147483648	270532674	12916861	97
14930352	0	8	2147485248	15728640	2147483648	270532674	12916861	97
14930352	0	8	2147485248	15728640	2147483648	270532674	12916861	97
14930352	0	8	2147485248	15728640	2147483648	270532674	12916861	97
14930352	0	8	2147485248	15728640	2147483648	270532674	12916861	98
14930352	0	8	2147485248	15728640	2147483648	270532674	12916861	98
14930352	0	8	2147485248	15728640	2147483648	270532674	12916861	98
14930352	0	8	2147485248	15728640	2147483648	270532674	12916861	98
14930352	0	8	2147485248	15728640	2147483648	270532674	12916861	98
14930352	0	8	2147485248	15728640	2147483648	270532674	12916861	98
14930352	0	8	2147485248	15728640	2147483648	270532674	12916861	99
14930352	0	8	2147485248	15728640	2147483648	270532674	12916861	99
14930352	0	8	2147485248	15728640	2147483648	270532674	12916861	99
14930352	0	8	2147485248	15728640	2147483648	270532674	12916861	99
14930352	0	8	2147485248	15728640	2147483648	270532674	12916861	99
14930352	0	8	2147485248	15728640	2147483648	270532674	12916861	99
14930352	0	8	2147485248	15728640	2147483648	270532674	12916861	99
14930352	0	8	2147485248	15728640	2147483648	270532674	12916861	100
14930352	0	8	2147485248	15728640	2147483648	270532674	12916861	100
14930352	0	8	2147485248	15728640	2147483648	270532674	12916861	100
14930352	0	8	2147485248	15728640	2147483648	270532674	12916861	100
14930352	0	8	2147485248	15728640	2147483648	270532674	12916861	100
14930352	0	8	2147485248	15728640	2147483648	270532674	12916861	101
14930352	0	8	2147485248	15728640	2147483648	270532674	12916861	101
14930352	0	8	2147485248	15728640	2147483648	270532674	12916861	101
14930352	0	8	2147485248	15728640	2147483648	270532674	12916861	101
14930352	0	8	2147485248	15728640	2147483648	270532674	12916861	101
14930352	0	8	2147485248	15728640	2147483648	270532674	12916861	101
14930352	0	8	2147485248	15728640	2147483648	270532674	12916861	101
14930352	0	8	2147485248	15728640	2147483648	270532674	12916861	102
14930352	0	8	2147485248	15728640	2147483648	270532674	12916861	102
14930352	0	8	2147485248	15728640	2147483648	270532674	12916861	102
14930352	0	8	2147485248	15728640	2147483648	270532674	12916861	102
14930352	0	8	2147485248	15728640	2147483648	270532674	12916861	102
14930352	0	8	2147485248	15728640	2147483648	270532674	12916861	102
14930352	0	8	2147485248	15728640	2147483648	270532674	12916861	102
14930352	0	8	2147485248	15728640	2147483648	270532674	12916861	103
14930352	0	8	2147485248	15728640	2147483648	270532674	12916861	103
14930352	0	8	2147485248	15728640	2147483648	270532674	12916861	103
14930352	0	8	2147485248	15728640	2147483648	270532674	12916861	103
14930352	0	8	2147485248	15728640	2147483648	270532674	12916861	103
14930352	0	8	2147485248	15728640	2147483648	270532674	12916861	104
14930352	0	8	2147485248	15728640	2147483648	270532674	12916861	104
14930352	0	8	2147485248	15728640	2147483648	270532674	12916861	104
14930352	0	8	2147485248	15728640	2147483648	270532674	12916861	104
14930352	0	8	2147485248	15728640	2147483648	270532674	12916861	104
14930352	0	8	2147485248	15728640	2147483648	270532674	12916861	104
14930352	0	8	2147485248	15728640	2147483648	270532674	12916861	105
14930352	0	8	2147485248	15728640	2147483648	270532674	12916861	105
14930352	0	8	2147485248	15728640	2147483648	270532674	12916861	105
14930352	0	8	2147485248	15728640	2147483648	270532674	12916861	105
14930352	0	8	2147485248	15728640	2147483648	270532674	12916861	105
14930352	0	8	2147485248	15728640	2147483648	270532674	12916861	106
14930352	0	8	2147485248	15728640	2147483648	270532674	12916861	106
14930352	0	8	2147485248	15728640	2147483648	270532674	12916861	106
14930352	0	8	2147485248	15728640	2147483648	270532674	12916861	106
14930352	0	8	2147485248	15728640	2147483648	270532674	12916861	106
14930352	0	8	2147485248	15728640	2147483648	270532674	12916861	106
14930352	0	8	2147485248	15728640	2147483648	270532674	12916861	106
14930352	0	8	2147485248	15728640	2147483648	270532674	12916861	107
14930352	0	8	2147485248	15728640	2147483648	270532674	12916861	107
14930352	0	8	2147485248	15728640	2147483648	270532674	12916861	107
14930352	0	8	2147485248	15728640	2147483648	270532674	12916861	107
14930352	0	8	2147485248	15728640	2147483648	270532674	12916861	107
14930352	0	8	2147485248	15728640	2147483648	270532674	12916861	107
14930352	0	8	2147485248	15728640	2147483648	270532674	12916861	108
14930352	0	8	2147485248	15728640	2147483648	270532674	12916861	108
14930352	0	8	2147485248	15728640	2147483648	270532674	12916861	108
14930352	0	8	2147485248	15728640	2147483648	270532674	12916861	108
14930352	0	8	2147485248	15728640	2147483648	270532674	12916861	108
14930352	0	8	2147485248	15728640	2147483648	270532674	12916861	108
14930352	0	8	2147485248	15728640	2147483648	270532674	12916861	109
14930352	0	8	2147485248	15728640	2147483648	270532674	12916861	109
14930352	0	8	2147485248	15728640	2147483648	270532674	12916861	109
14930352	0	8	2147485248	15728640	2147483648	270532674	12916861	109
14930352	0	8	2147485248	15728640	2147483648	270532674	12916861	109
14930352	0	8	2147485248	15728640	2147483648	270532674	12916861	109
14930352	0	8	2147485248	15728640	2147483648	270532674	12916861	110
14930352	0	8	2147485248	15728640	2147483648	270532674	12916861	110
14930352	0	8	2147485248	15728640	2147483648	270532674	12916861	110
14930352	0	8	2147485248	15728640	2147483648	270532674	12916861	110
14930352	0	8	2147485248	15728640	2147483648	270532674	12916861	110
14930352	0	8	2147485248	15728640	2147483648	270532674	12916861	110
14930352	0	8	2147485248	15728640	2147483648	270532674	12916861	111
14930352	0	8	2147485248	15728640	2147483648	270532674	12916861	111
14930352	0	8	2147485248	15728640	2147483648	270532674	12916861	111
14930352	0	8	2147485248	15728640	2147483648	270532674	12916861	111
14930352	0	8	2147485248	15728640	2147483648	270532674	12916861	111
14930352	0	8	2147485248	15728640	2147483648	270532674	12916861	112
14930352	0	8	2147485248	15728640	2147483648	270532674	12916861	112
14930352	0	8	2147485248	15728640	2147483648	270532674	12916861	112
14930352	0	8	2147485248	15728640	2147483648	270532674	12916861	112
14930352	0	8	2147485248	15728640	2147483648	270532674	12916861	112
14930352	0	8	2147485248	15728640	2147483648	270532674	12916861	112
14930352	0	8	2147485248	15728640	2147483648	270532674	12916861	112
14930352	0	8	2147485248	15728640	2147483648	270532674	12916861	113
14930352	0	8	2147485248	15728640	2147483648	270532674	12916861	113
14930352	0	8	2147485248	15728640	2147483648	270532674	12916861	113
14930352	0	8	2147485248	15728640	2147483648	270532674	12916861	113
14930352	0	8	2147485248	15728640	2147483648	270532674	12916861	113
14930352	0	8	2147485248	15728640	2147483648	270532674	12916861	114
14930352	0	8	2147485248	15728640	2147483648	270532674	12916861	114
14930352	0	8	2147485248	15728640	2147483648	270532674	12916861	114
14930352	0	8	2147485248	15728640	2147483648	270532674	12916861	114
14930352	0	8	2147485248	15728640	2147483648	270532674	12916861	114
14930352	0	8	2147485248	15728640	2147483648	270532674	12916861	114
14930352	0	8	2147485248	15728640	2147483648	270532674	12916861	114
14930352	0	8	2147485248	15728640	2147483648	270532674	12916861	115
14930352	0	8	2147485248	15728640	2147483648	270532674	12916861	115
14930352	0	8	2147485248	15728640	2147483648	270532674	12916861	115
14930352	0	8	2147485248	15728640	2147483648	270532674	12916861	115
14930352	0	8	2147485248	15728640	2147483648	270532674	12916861	115
14930352	0	8	2147485248	15728640	2147483648	270532674	12916861	115
14930352	0	8	2147485248	15728640	2147483648	270532674	12916861	115
14930352	0	8	2147485248	15728640	2147483648	270532674	12916861	116
14930352	0	8	2147485248	15728640	2147483648	270532674	12916861	116
14930352	0	8	2147485248	15728640	2147483648	270532674	12916861	116
14930352	0	8	2147485248	15728640	2147483648	270532674	12916861	116
14930352	0	8	2147485248	15728640	2147483648	270532674	12916861	116
14930352	0	8	2147485248	15728640	2147483648	270532674	12916861	117
14930352	0	8	2147485248	15728640	2147483648	270532674	12916861	117
14930352	0	8	2147485248	15728640	2147483648	270532674	12916861	117
14930352	0	8	2147485248	15728640	2147483648	270532674	12916861	117
14930352	0	8	2147485248	15728640	2147483648	270532674	12916861	117
14930352	0	8	2147485248	15728640	2147483648	270532674	12916861	117
14930352	0	8	2147485248	15728640	2147483648	270532674	12916861	117
14930352	0	8	2147485248	15728640	2147483648	270532674	12916861	118
14930352	0	8	2147485248	15728640	2147483648	270532674	12916861	118
14930352	0	8	2147485248	15728640	2147483648	270532674	12916861	118
14930352	0	8	2147485248	15728640	2147483648	270532674	12916861	118
14930352	0	8	2147485248	15728640	2147483648	270532674	12916861	118
14930352	0	8	2147485248	15728640	2147483648	270532674	12916861	119
14930352	0	8	2147485248	15728640	2147483648	270532674	12916861	119
14930352	0	8	2147485248	15728640	2147483648	270532674	12916861	119
14930352	0	8	2147485248	15728640	2147483648	270532674	12916861	119
14930352	0	8	2147485248	15728640	2147483648	270532674	12916861	119
14930352	0	8	2147485248	15728640	2147483648	270532674	12916861	119
14930352	0	8	2147485248	15728640	2147483648	270532674	12916861	119
14930352	0	8	2147485248	15728640	2147483648	270532674	12916861	120
14930352	0	8	2147485248	15728640	2147483648	270532674	12916861	120
14930352	0	8	2147485248	15728640	2147483648	270532674	12916861	120
14930352	0	8	2147485248	15728640	2147483648	270532674	12916861	120
14930352	0	8	2147485248	15728640	2147483648	270532674	12916861	120
14930352	0	8	2147485248	15728640	2147483648	270532674	12916861	120
14930352	0	8	2147485248	15728640	2147483648	270532674	12916861	121
14930352	0	8	2147485248	15728640	2147483648	270532674	12916861	121
14930352	0	8	2147485248	15728640	2147483648	270532674	12916861	121
14930352	0	8	2147485248	15728640	2147483648	270532674	12916861	121
14930352	0	8	2147485248	15728640	2147483648	270532674	12916861	121
14930352	0	8	2147485248	15728640	2147483648	270532674	12916861	121
14930352	0	8	2147485248	15728640	2147483648	270532674	12916861	122
14930352	0	8	2147485248	15728640	2147483648	270532674	12916861	122
14930352	0	8	2147485248	15728640	2147483648	270532674	12916861	122
14930352	0	8	2147485248	15728640	2147483648	270532674	12916861	122
14930352	0	8	2147485248	15728640	2147483648	270532674	12916861	122
14930352	0	8	2147485248	15728640	2147483648	270532674	12916861	122
14930352	0	8	2147485248	15728640	2147483648	270532674	12916861	122
14930352	0	8	2147485248	15728640	2147483648	270532674	12916861	123
14930352	0	8	2147485248	15728640	2147483648	270532674	12916861	123
14930352	0	8	2147485248	15728640	2147483648	270532674	12916861	123
14930352	0	8	2147485248	15728640	2147483648	270532674	12916861	123
14930352	0	8	2147485248	15728640	2147483648	270532674	12916861	123
14930352	0	8	2147485248	15728640	2147483648	270532674	12916861	123
14930352	0	8	2147485248	15728640	2147483648	270532674	12916861	124
14930352	0	8	2147485248	15728640	2147483648	270532674	12916861	124
14930352	0	8	2147485248	15728640	2147483648	270532674	12916861	124
14930352	0	8	2147485248	15728640	2147483648	270532674	12916861	124
14930352	0	8	2147485248	15728640	2147483648	270532674	12916861	124
14930352	0	8	2147485248	15728640	2147483648	270532674	12916861	124
14930352	0	8	2147485248	15728640	2147483648	270532674	12916861	124
14930352	0	8	2147485248	15728640	2147483648	270532674	12916861	125
14930352	0	8	2147485248	15728640	2147483648	270532674	12916861	125
14930352	0	8	2147485248	15728640	2147483648	270532674	12916861	125
14930352	0	8	2147485248	15728640	2147483648	270532674	12916861	125
14930352	0	8	2147485248	15728640	2147483648	270532674	12916861	125
14930352	0	8	2147485248	15728640	2147483648	270532674	12916861	125
14930352	0	8	2147485248	15728640	2147483648	270532674	12916861	126
14930352	0	8	2147485248	15728640	2147483648	270532674	12916861	126
14930352	0	8	2147485248	15728640	2147483648	270532674	12916861	126
14930352	0	8	2147485248	15728640	2147483648	270532674	12916861	126
14930352	0	8	2147485248	15728640	2147483648	270532674	12916861	126
14930352	0	8	2147485248	15728640	2147483648	270532674	12916861	126
14930352	0	8	2147485248	15728640	2147483648	270532674	12916861	127
14930352	0	8	2147485248	15728640	2147483648	270532674	12916861	127
14930352	0	8	2147485248	15728640	2147483648	270532674	12916861	127
14930352	0	8	2147485248	15728640	2147483648	270532674	12916861	127
14930352	0	8	2147485248	15728640	2147483648	270532674	12916861	127
14930352	0	8	2147485248	15728640	2147483648	270532674	12916861	127
14930352	0	8	2147485248	15728640	2147483648	270532674	12916861	127
14930352	0	8	2147485248	15728640	2147483648	270532674	12916861	128
14930352	0	8	2147485248	15728640	2147483648	270532674	12916861	128
14930352	0	8	2147485248	15728640	2147483648	270532674	12916861	128
14930352	0	8	2147485248	15728640	2147483648	270532674	12916861	128
14930352	0	8	2147485248	15728640	2147483648	270532674	12916861	128
14930352	0	8	2147485248	15728640	2147483648	270532674	12916861	128
14930352	0	8	2147485248	15728640	2147483648	270532674	12916861	129
14930352	0	8	2147485248	15728640	2147483648	270532674	12916861	129
14930352	0	8	2147485248	15728640	2147483648	270532674	12916861	129
14930352	0	8	2147485248	15728640	2147483648	270532674	12916861	129
14930352	0	8	2147485248	15728640	2147483648	270532674	12916861	129
14930352	0	8	2147485248	15728640	2147483648	270532674	12916861	129
14930352	0	8	2147485248	15728640	2147483648	270532674	12916861	130
14930352	0	8	2147485248	15728640	2147483648	270532674	12916861	130
14930352	0	8	2147485248	15728640	2147483648	270532674	12916861	130
14930352	0	8	2147485248	15728640	2147483648	270532674	12916861	130
14930352	0	8	2147485248	15728640	2147483648	270532674	12916861	130
14930352	0	8	2147485248	15728640	2147483648	270532674	12916861	130
14930352	0	8	2147485248	15728640	2147483648	270532674	12916861	131
14930352	0	8	2147485248	15728640	2147483648	270532674	12916861	131
14930352	0	8	2147485248	15728640	2147483648	270532674	12916861	131
14930352	0	8	2147485248	15728640	2147483648	270532674	12916861	131
14930352	0	8	2147485248	15728640	2147483648	270532674	12916861	131
14930352	0	8	2147485248	15728640	2147483648	270532674	12916861	131
14930352	0	8	2147485248	15728640	2147483648	270532674	12916861	132
14930352	0	8	2147485248	15728640	2147483648	270532674	12916861	132
14930352	0	8	2147485248	15728640	2147483648	270532674	12916861	132
14930352	0	8	2147485248	15728640	2147483648	270532674	12916861	132
14930352	0	8	2147485248	15728640	2147483648	270532674	12916861	132
14930352	0	8	2147485248	15728640	2147483648	270532674	12916861	132
14930352	0	8	2147485248	15728640	2147483648	270532674	12916861	132
14930352	0	8	2147485248	15728640	2147483648	270532674	12916861	133
14930352	0	8	2147485248	15728640	2147483648	270532674	12916861	133
14930352	0	8	2147485248	15728640	2147483648	270532674	12916861	133
14930352	0	8	2147485248	15728640	2147483648	270532674	12916861	133
14930352	0	8	2147485248	15728640	2147483648	270532674	12916861	133
14930352	0	8	2147485248	15728640	2147483648	270532674	12916861	134
14930352	0	8	2147485248	15728640	2147483648	270532674	12916861	134
14930352	0	8	2147485248	15728640	2147483648	270532674	12916861	134
14930352	0	8	2147485248	15728640	2147483648	270532674	12916861	134
14930352	0	8	2147485248	15728640	2147483648	270532674	12916861	134
14930352	0	8	2147485248	15728640	2147483648	270532674	12916861	134
14930352	0	8	2147485248	15728640	2147483648	270532674	12916861	135
14930352	0	8	2147485248	15728640	2147483648	270532674	12916861	135
14930352	0	8	2147485248	15728640	2147483648	270532674	12916861	135
14930352	0	8	2147485248	15728640	2147483648	270532674	12916861	135
14930352	0	8	2147485248	15728640	2147483648	270532674	12916861	135
14930352	0	8	2147485248	15728640	2147483648	270532674	12916861	136
14930352	0	8	2147485248	15728640	2147483648	270532674	12916861	136
14930352	0	8	2147485248	15728640	2147483648	270532674	12916861	136
14930352	0	8	2147485248	15728640	2147483648	270532674	12916861	136
14930352	0	8	2147485248	15728640	2147483648	270532674	12916861	136
14930352	0	8	2147485248	15728640	2147483648	270532674	12916861	136
14930352	0	8	2147485248	15728640	2147483648	270532674	12916861	137
14930352	0	8	2147485248	15728640	2147483648	270532674	12916861	137
14930352	0	8	2147485248	15728640	2147483648	270532674	12916861	137
14930352	0	8	2147485248	15728640	2147483648	270532674	12916861	137
14930352	0	8	2147485248	15728640	2147483648	270532674	12916861	137
14930352	0	8	2147485248	15728640	2147483648	270532674	12916861	137
14930352	0	8	2147485248	15728640	2147483648	270532674	12916861	137
14930352	0	8	2147485248	15728640	2147483648	270532674	12916861	138
14930352	0	8	2147485248	15728640	2147483648	270532674	12916861	138
14930352	0	8	2147485248	15728640	2147483648	270532674	12916861	138
14930352	0	8	2147485248	15728640	2147483648	270532674	12916861	138
14930352	0	8	2147485248	15728640	2147483648	270532674	12916861	138
14930352	0	8	2147485248	15728640	2147483648	270532674	12916861	139
14930352	0	8	2147485248	15728640	2147483648	270532674	12916861	139
14930352	0	8	2147485248	15728640	2147483648	270532674	12916861	139
14930352	0	8	2147485248	15728640	2147483648	270532674	12916861	139
14930352	0	8	2147485248	15728640	2147483648	270532674	12916861	139
14930352	0	8	2147485248	15728640	2147483648	270532674	12916861	139
14930352	0	8	2147485248	15728640	2147483648	270532674	12916861	139
14930352	0	8	2147485248	15728640	2147483648	270532674	12916861	140
14930352	0	8	2147485248	15728640	2147483648	270532674	12916861	140
14930352	0	8	2147485248	15728640	2147483648	270532674	12916861	140
14930352	0	8	2147485248	15728640	2147483648	270532674	12916861	140
14930352	0	8	2147485248	15728640	2147483648	270532674	12916861	140
14930352	0	8	2147485248	15728640	2147483648	270532674	12916861	141
14930352	0	8	2147485248	15728640	2147483648	270532674	12916861	141
14930352	0	8	2147485248	15728640	2147483648	270532674	12916861	141
14930352	0	8	2147485248	15728640	2147483648	270532674	12916861	141
14930352	0	8	2147485248	15728640	2147483648	270532674	12916861	141
14930352	0	8	2147485248	15728640	2147483648	270532674	12916861	141
14930352	0	8	2147485248	15728640	2147483648	270532674	12916861	141
14930352	0	8	2147485248	15728640	2147483648	270532674	12916861	142
14930352	0	8	2147485248	15728640	2147483648	270532674	12916861	142
14930352	0	8	2147485248	15728640	2147483648	270532674	12916861	142
14930352	0	8	2147485248	15728640	2147483648	270532674	12916861	142
14930352	0	8	2147485248	15728640	2147483648	270532674	12916861	142
14930352	0	8	2147485248	15728640	2147483648	270532674	12916861	142
14930352	0	8	2147485248	15728640	2147483648	270532674	12916861	143
14930352	0	8	2147485248	15728640	2147483648	270532674	12916861	143
14930352	0	8	2147485248	15728640	2147483648	270532674	12916861	143
14930352	0	8	2147485248	15728640	2147483648	270532674	12916861	143
14930352	0	8	2147485248	15728640	2147483648	270532674	12916861	143
14930352	0	8	2147485248	15728640	2147483648	270532674	12916861	143
14930352	0	8	2147485248	15728640	2147483648	270532674	12916861	144
14930352	0	8	2147485248	15728640	2147483648	270532674	12916861	144
14930352	0	8	2147485248	15728640	2147483648	270532674	12916861	144
14930352	0	8	2147485248	15728640	2147483648	270532674	12916861	144
14930352	0	8	2147485248	15728640	2147483648	270532674	12916861	144
14930352	0	8	2147485248	15728640	2147483648	270532674	12916861	144
14930352	0	8	2147485248	15728640	2147483648	270532674	12916861	145
14930352	0	8	2147485248	15728640	2147483648	270532674	12916861	145
14930352	0	8	2147485248	15728640	2147483648	270532674	12916861	145
14930352	0	8	2147485248	15728640	2147483648	270532674	12916861	145
14930352	0	8	2147485248	15728640	2147483648	270532674	12916861	145
14930352	0	8	2147485248	15728640	2147483648	270532674	12916861	145
14930352	0	8	2147485248	15728640	2147483648	270532674	12916861	146
14930352	0	8	2147485248	15728640	2147483648	270532674	12916861	146
14930352	0	8	2147485248	15728640	2147483648	270532674	12916861	146
14930352	0	8	2147485248	15728640	2147483648	270532674	12916861	146
14930352	0	8	2147485248	15728640	2147483648	270532674	12916861	146
14930352	0	8	2147485248	15728640	2147483648	270532674	12916861	146
14930352	0	8	2147485248	15728640	2147483648	270532674	12916861	146
14930352	0	8	2147485248	15728640	2147483648	270532674	12916861	147
14930352	0	8	2147485248	15728640	2147483648	270532674	12916861	147
14930352	0	8	2147485248	15728640	2147483648	270532674	12916861	147
14930352	0	8	2147485248	15728640	2147483648	270532674	12916861	147
14930352	0	8	2147485248	15728640	2147483648	270532674	12916861	147
14930352	0	8	2147485248	15728640	2147483648	270532674	12916861	147
14930352	0	8	2147485248	15728640	2147483648	270532674	12916861	148
14930352	0	8	2147485248	15728640	2147483648	270532674	12916861	148
14930352	0	8	2147485248	15728640	2147483648	270532674	12916861	148
14930352	0	8	2147485248	15728640	2147483648	270532674	12916861	148
14930352	0	8	2147485248	15728640	2147483648	270532674	12916861	148
14930352	0	8	2147485248	15728640	2147483648	270532674	12916861	148
14930352	0	8	2147485248	15728640	2147483648	270532674	12916861	149
14930352	0	8	2147485248	15728640	2147483648	270532674	12916861	149
14930352	0	8	2147485248	15728640	2147483648	270532674	12916861	149
14930352	0	8	2147485248	15728640	2147483648	270532674	12916861	149
14930352	0	8	2147485248	15728640	2147483648	270532674	12916861	149
14930352	0	8	2147485248	15728640	2147483648	270532674	12916861	149
14930352	0	8	2147485248	15728640	2147483648	270532674	12916861	149
14930352	0	8	2147485248	15728640	2147483648	270532674	12916861	150
14930352	0	8	2147485248	15728640	2147483648	270532674	12916861	150
14930352	0	8	2147485248	15728640	2147483648	270532674	12916861	150
14930352	0	8	2147485248	15728640	2147483648	270532674	12916861	150
14930352	0	8	2147485248	15728640	2147483648	270532674	12916861	150
14930352	0	8	2147485248	15728640	2147483648	270532674	12916861	150
14930352	0	8	2147485248	15728640	2147483648	270532674	12916861	151
14930352	0	8	2147485248	15728640	2147483648	270532674	12916861	151
14930352	0	8	2147485248	15728640	2147483648	270532674	12916861	151
14930352	0	8	2147485248	15728640	2147483648	270532674	12916861	151
14930352	0	8	2147485248	15728640	2147483648	270532674	12916861	151
14930352	0	8	2147485248	15728640	2147483648	270532674	12916861	151
14930352	0	8	2147485248	15728640	2147483648	270532674	12916861	152
14930352	0	8	2147485248	15728640	2147483648	270532674	12916861	152
14930352	0	8	2147485248	15728640	2147483648	270532674	12916861	152
14930352	0	8	2147485248	15728640	2147483648	270532674	12916861	152
14930352	0	8	2147485248	15728640	2147483648	270532674	12916861	152
14930352	0	8	2147485248	15728640	2147483648	270532674	12916861	152
14930352	0	8	2147485248	15728640	2147483648	270532674	12916861	152
14930352	0	8	2147485248	15728640	2147483648	270532674	12916861	153
14930352	0	8	2147485248	15728640	2147483648	270532674	12916861	153
14930352	0	8	2147485248	15728640	2147483648	270532674	12916861	153
14930352	0	8	2147485248	15728640	2147483648	270532674	12916861	153
14930352	0	8	2147485248	15728640	2147483648	270532674	12916861	153
14930352	0	8	2147485248	15728640	2147483648	270532674	12916861	153
14930352	0	8	2147485248	15728640	2147483648	270532674	12916861	154
14930352	0	8	2147485248	15728640	2147483648	270532674	12916861	154
14930352	0	8	2147485248	15728640	2147483648	270532674	12916861	154
14930352	0	8	2147485248	15728640	2147483648	270532674	12916861	154
14930352	0	8	2147485248	15728640	2147483648	270532674	12916861	154
14930352	0	8	2147485248	15728640	2147483648	270532674	12916861	154
14930352	0	8	2147485248	15728640	2147483648	270532674	12916861	154
14930352	0	8	2147485248	15728640	2147483648	270532674	12916861	155
14930352	0	8	2147485248	15728640	2147483648	270532674	12916861	155
14930352	0	8	2147485248	15728640	2147483648	270532674	12916861	155
14930352	0	8	2147485248	15728640	2147483648	270532674	12916861	155
14930352	0	8	2147485248	15728640	2147483648	270532674	12916861	155
14930352	0	8	2147485248	15728640	2147483648	270532674	12916861	155
14930352	0	8	2147485248	15728640	2147483648	270532674	12916861	156
14930352	0	8	2147485248	15728640	2147483648	270532674	12916861	156
14930352	0	8	2147485248	15728640	2147483648	270532674	12916861	156
14930352	0	8	2147485248	15728640	2147483648	270532674	12916861	156
14930352	0	8	2147485248	15728640	2147483648	270532674	12916861	156
14930352	0	8	2147485248	15728640	2147483648	270532674	12916861	156
14930352	0	8	2147485248	15728640	2147483648	270532674	12916861	157
14930352	0	8	2147485248	15728640	2147483648	270532674	12916861	157
14930352	0	8	2147485248	15728640	2147483648	270532674	12916861	157
14930352	0	8	2147485248	15728640	2147483648	270532674	12916861	157
14930352	0	8	2147485248	15728640	2147483648	270532674	12916861	157
14930352	0	8	2147485248	15728640	2147483648	270532674	12916861	157
14930352	0	8	2147485248	15728640	2147483648	270532674	12916861	158
14930352	0	8	2147485248	15728640	2147483648	270532674	12916861	158
14930352	0	8	2147485248	15728640	2147483648	270532674	12916861	158
14930352	0	8	2147485248	15728640	2147483648	270532674	12916861	158
14930352	0	8	2147485248	15728640	2147483648	270532674	12916861	158
14930352	0	8	2147485248	15728640	2147483648	270532674	12916861	158
14930352	0	8	2147485248	15728640	2147483648	270532674	12916861	158
14930352	0	8	2147485248	15728640	2147483648	270532674	12916861	159
14930352	0	8	2147485248	15728640	2147483648	270532674	12916861	159
14930352	0	8	2147485248	15728640	2147483648	270532674	12916861	159
14930352	0	8	2147485248	15728640	2147483648	270532674	12916861	159
14930352	0	8	2147485248	15728640	2147483648	270532674	12916861	159
14930352	0	8	2147485248	15728640	2147483648	270532674	12916861	159
14930352	0	8	2147485248	15728640	2147483648	270532674	12916861	159
14930352	0	8	2147485248	15728640	2147483648	270532674	12916861	160
14930352	0	8	2147485248	15728640	2147483648	270532674	12916861	160
14930352	0	8	2147485248	15728640	2147483648	270532674	12916861	160
14930352	0	8	2147485248	15728640	2147483648	270532674	12916861	160
14930352	0	8	2147485248	15728640	2147483648	270532674	12916861	160
14930352	0	8	2147485248	15728640	2147483648	270532674	12916861	160
14930352	0	8	2147485248	15728640	2147483648	270532674	12916861	161
14930352	0	8	2147485248	15728640	2147483648	270532674	12916861	161
14930352	0	8	2147485248	15728640	2147483648	270532674	12916861	161
14930352	0	8	2147485248	15728640	2147483648	270532674	12916861	161
14930352	0	8	2147485248	15728640	2147483648	270532674	12916861	161
14930352	0	8	2147485248	15728640	2147483648	270532674	12916861	161
14930352	0	8	2147485248	15728640	2147483648	270532674	12916861	162
14930352	0	8	2147485248	15728640	2147483648	270532674	12916861	162
14930352	0	8	2147485248	15728640	2147483648	270532674	12916861	162
14930352	0	8	2147485248	15728640	2147483648	270532674	12916861	162
14930352	0	8	2147485248	15728640	2147483648	270532674	12916861	162
14930352	0	8	2147485248	15728640	2147483648	270532674	12916861	162
14930352	0	8	2147485248	15728640	2147483648	270532674	12916861	163
14930352	0	8	2147485248	15728640	2147483648	270532674	12916861	163
14930352	0	8	2147485248	15728640	2147483648	270532674	12916861	163
14930352	0	8	2147485248	15728640	2147483648	270532674	12916861	163
14930352	0	8	2147485248	15728640	2147483648	270532674	12916861	163
14930352	0	8	2147485248	15728640	2147483648	270532674	12916861	163
14930352	0	8	2147485248	15728640	2147483648	270532674	12916861	163
14930352	0	8	2147485248	15728640	2147483648	270532674	12916861	164
14930352	0	8	2147485248	15728640	2147483648	270532674	12916861	164
14930352	0	8	2147485248	15728640	2147483648	270532674	12916861	164
14930352	0	8	2147485248	15728640	2147483648	270532674	12916861	164
14930352	0	8	2147485248	15728640	2147483648	270532674	12916861	164
14930352	0	8	2147485248	15728640	2147483648	270532674	12916861	164
14930352	0	8	2147485248	15728640	2147483648	270532674	12916861	164
14930352	0	8	2147485248	15728640	2147483648	270532674	12916861	165
14930352	0	8	2147485248	15728640	2147483648	270532674	12916861	165
14930352	0	8	2147485248	15728640	2147483648	270532674	12916861	165
14930352	0	8	2147485248	15728640	2147483648	270532674	12916861	165
14930352	0	8	2147485248	15728640	2147483648	270532674	12916861	165
14930352	0	8	2147485248	15728640	2147483648	270532674	12916861	166
14930352	0	8	2147485248	15728640	2147483648	270532674	12916861	166
14930352	0	8	2147485248	15728640	2147483648	270532674	12916861	166
14930352	0	8	2147485248	15728640	2147483648	270532674	12916861	166
14930352	0	8	2147485248	15728640	2147483648	270532674	12916861	166
14930352	0	8	2147485248	15728640	2147483648	270532674	12916861	166
14930352	0	8	2147485248	15728640	2147483648	270532674	12916861	166
14930352	0	8	2147485248	15728640	2147483648	270532674	12916861	167
14930352	0	8	2147485248	15728640	2147483648	270532674	12916861	167
14930352	0	8	2147485248	15728640	2147483648	270532674	12916861	167
14930352	0	8	2147485248	15728640	2147483648	270532674	12916861	167
14930352	0	8	2147485248	15728640	2147483648	270532674	12916861	167
14930352	0	8	2147485248	15728640	2147483648	270532674	12916861	168
14930352	0	8	2147485248	15728640	2147483648	270532674	12916861	168
14930352	0	8	2147485248	15728640	2147483648	270532674	12916861	168
14930352	0	8	2147485248	15728640	2147483648	270532674	12916861	168
14930352	0	8	2147485248	15728640	2147483648	270532674	12916861	168
14930352	0	8	2147485248	15728640	2147483648	270532674	12916861	168
14930352	0	8	2147485248	15728640	2147483648	270532674	12916861	168
14930352	0	8	2147485248	15728640	2147483648	270532674	12916861	169
14930352	0	8	2147485248	15728640	2147483648	270532674	12916861	169
14930352	0	8	2147485248	15728640	2147483648	270532674	12916861	169
14930352	0	8	2147485248	15728640	2147483648	270532674	12916861	169
14930352	0	8	2147485248	15728640	2147483648	270532674	12916861	169
14930352	0	8	2147485248	15728640	2147483648	270532674	12916861	169
14930352	0	8	2147485248	15728640	2147483648	270532674	12916861	169
14930352	0	8	2147485248	15728640	2147483648	270532674	12916861	170
14930352	0	8	2147485248	15728640	2147483648	270532674	12916861	170
14930352	0	8	2147485248	15728640	2147483648	270532674	12916861	170
14930352	0	8	2147485248	15728640	2147483648	270532674	12916861	170
14930352	0	8	2147485248	15728640	2147483648	270532674	12916861	170
14930352	0	8	2147485248	15728640	2147483648	270532674	12916861	170
14930352	0	8	2147485248	15728640	2147483648	270532674	12916861	171
14930352	0	8	2147485248	15728640	2147483648	270532674	12916861	171
14930352	0	8	2147485248	15728640	2147483648	270532674	12916861	171
14930352	0	8	2147485248	15728640	2147483648	270532674	12916861	171
14930352	0	8	2147485248	15728640	2147483648	270532674	12916861	171
14930352	0	8	2147485248	15728640	2147483648	270532674	12916861	171
14930352	0	8	2147485248	15728640	2147483648	270532674	12916861	172
14930352	0	8	2147485248	15728640	2147483648	270532674	12916861	172
14930352	0	8	2147485248	15728640	2147483648	270532674	12916861	172
14930352	0	8	2147485248	15728640	2147483648	270532674	12916861	172
14930352	0	8	2147485248	15728640	2147483648	270532674	12916861	172
14930352	0	8	2147485248	15728640	2147483648	270532674	12916861	172
14930352	0	8	2147485248	15728640	2147483648	270532674	12916861	173
14930352	0	8	2147485248	15728640	2147483648	270532674	12916861	173
14930352	0	8	2147485248	15728640	2147483648	270532674	12916861	173
14930352	0	8	2147485248	15728640	2147483648	270532674	12916861	173
14930352	0	8	2147485248	15728640	2147483648	270532674	12916861	173
14930352	0	8	2147485248	15728640	2147483648	270532674	12916861	173
14930352	0	8	2147485248	15728640	2147483648	270532674	12916861	173
14930352	0	8	2147485248	15728640	2147483648	270532674	12916861	174
14930352	0	8	2147485248	15728640	2147483648	270532674	12916861	174
14930352	0	8	2147485248	15728640	2147483648	270532674	12916861	174
14930352	0	8	2147485248	15728640	2147483648	270532674	12916861	174
14930352	0	8	2147485248	15728640	2147483648	270532674	12916861	174
14930352	0	8	2147485248	15728640	2147483648	270532674	12916861	174
14930352	0	8	2147485248	15728640	2147483648	270532674	12916861	175
14930352	0	8	2147485248	15728640	2147483648	270532674	12916861	175
14930352	0	8	2147485248	15728640	2147483648	270532674	12916861	175
14930352	0	8	2147485248	15728640	2147483648	270532674	12916861	175
14930352	0	8	2147485248	15728640	2147483648	270532674	12916861	175
14930352	0	8	2147485248	15728640	2147483648	270532674	12916861	175
14930352	0	8	2147485248	15728640	2147483648	270532674	12916861	175
14930352	0	8	2147485248	15728640	2147483648	270532674	12916861	176
14930352	0	8	2147485248	15728640	2147483648	270532674	12916861	176
14930352	0	8	2147485248	15728640	2147483648	270532674	12916861	176
14930352	0	8	2147485248	15728640	2147483648	270532674	12916861	176
14930352	0	8	2147485248	15728640	2147483648	270532674	12916861	176
14930352	0	8	2147485248	15728640	2147483648	270532674	12916861	176
14930352	0	8	2147485248	15728640	2147483648	270532674	12916861	177
14930352	0	8	2147485248	15728640	2147483648	270532674	12916861	177
14930352	0	8	2147485248	15728640	2147483648	270532674	12916861	177
14930352	0	8	2147485248	15728640	2147483648	270532674	12916861	177
14930352	0	8	2147485248	15728640	2147483648	270532674	12916861	177
14930352	0	8	2147485248	15728640	2147483648	270532674	12916861	177
14930352	0	8	2147485248	15728640	2147483648	270532674	12916861	178
14930352	0	8	2147485248	15728640	2147483648	270532674	12916861	178
14930352	0	8	2147485248	15728640	2147483648	270532674	12916861	178
14930352	0	8	2147485248	15728640	2147483648	270532674	12916861	178
14930352	0	8	2147485248	15728640	2147483648	270532674	12916861	178
14930352	0	8	2147485248	15728640	2147483648	270532674	12916861	178
14930352	0	8	2147485248	15728640	2147483648	270532674	12916861	178
14930352	0	8	2147485248	15728640	2147483648	270532674	12916861	179
14930352	0	8	2147485248	15728640	2147483648	270532674	12916861	179
14930352	0	8	2147485248	15728640	2147483648	270532674	12916861	179
14930352	0	8	2147485248	15728640	2147483648	270532674	12916861	179
14930352	0	8	2147485248	15728640	2147483648	270532674	12916861	179
14930352	0	8	2147485248	15728640	2147483648	270532674	12916861	179
14930352	0	8	2147485248	15728640	2147483648	270532674	12916861	180
14930352	0	8	2147485248	15728640	2147483648	270532674	12916861	180
14930352	0	8	2147485248	15728640	2147483648	270532674	12916861	180
14930352	0	8	2147485248	15728640	2147483648	270532674	12916861	180
14930352	0	8	2147485248	15728640	2147483648	270532674	12916861	180
14930352	0	8	2147485248	15728640	2147483648	270532674	12916861	180
14930352	0	8	2147485248	15728640	2147483648	270532674	12916861	181
14930352	0	8	2147485248	15728640	2147483648	270532674	12916861	181
14930352	0	8	2147485248	15728640	2147483648	270532674	12916861	181
14930352	0	8	2147485248	15728640	2147483648	270532674	12916861	181
14930352	0	8	2147485248	15728640	2147483648	270532674	12916861	181
14930352	0	8	2147485248	15728640	2147483648	270532674	12916861	181
14930352	0	8	2147485248	15728640	2147483648	270532674	12916861	181
14930352	0	8	2147485248	15728640	2147483648	270532674	12916861	182
14930352	0	8	2147485248	15728640	2147483648	270532674	12916861	182
14930352	0	8	2147485248	15728640	2147483648	270532674	12916861	182
14930352	0	8	2147485248	15728640	2147483648	270532674	12916861	182
14930352	0	8	2147485248	15728640	2147483648	270532674	12916861	182
14930352	0	8	2147485248	15728640	2147483648	270532674	12916861	182
14930352	0	8	2147485248	15728640	2147483648	270532674	12916861	183
14930352	0	8	2147485248	15728640	2147483648	270532674	12916861	183
14930352	0	8	2147485248	15728640	2147483648	270532674	12916861	183
14930352	0	8	2147485248	15728640	2147483648	270532674	12916861	183
14930352	0	8	2147485248	15728640	2147483648	270532674	12916861	183
14930352	0	8	2147485248	15728640	2147483648	270532674	12916861	183
14930352	0	8	2147485248	15728640	2147483648	270532674	12916861	183
14930352	0	8	2147485248	15728640	2147483648	270532674	12916861	184
14930352	0	8	2147485248	15728640	2147483648	270532674	12916861	184
14930352	0	8	2147485248	15728640	2147483648	270532674	12916861	184
14930352	0	8	2147485248	15728640	2147483648	270532674	12916861	184
14930352	0	8	2147485248	15728640	2147483648	270532674	12916861	184
14930352	0	8	2147485248	15728640	2147483648	270532674	12916861	185
14930352	0	8	2147485248	15728640	2147483648	270532674	12916861	185
14930352	0	8	2147485248	15728640	2147483648	270532674	12916861	185
14930352	0	8	2147485248	15728640	2147483648	270532674	12916861	185
14930352	0	8	2147485248	15728640	2147483648	270532674	12916861	185
14930352	0	8	2147485248	15728640	2147483648	270532674	12916861	185
14930352	0	8	2147485248	15728640	2147483648	270532674	12916861	185
14930352	0	8	2147485248	15728640	2147483648	270532674	12916861	186
14930352	0	8	2147485248	15728640	2147483648	270532674	12916861	186
14930352	0	8	2147485248	15728640	2147483648	270532674	12916861	186
14930352	0	8	2147485248	15728640	2147483648	270532674	12916861	186
14930352	0	8	2147485248	15728640	2147483648	270532674	12916861	186
14930352	0	8	2147485248	15728640	2147483648	270532674	12916861	186
14930352	0	8	2147485248	15728640	2147483648	270532674	12916861	187
14930352	0	8	2147485248	15728640	2147483648	270532674	12916861	187
14930352	0	8	2147485248	15728640	2147483648	270532674	12916861	187
14930352	0	8	2147485248	15728640	2147483648	270532674	12916861	187
14930352	0	8	2147485248	15728640	2147483648	270532674	12916861	187
14930352	0	8	2147485248	15728640	2147483648	270532674	12916861	187
14930352	0	8	2147485248	15728640	2147483648	270532674	12916861	188
14930352	0	8	2147485248	15728640	2147483648	270532674	12916861	188
14930352	0	8	2147485248	15728640	2147483648	270532674	12916861	188
14930352	0	8	2147485248	15728640	2147483648	270532674	12916861	188
14930352	0	8	2147485248	15728640	2147483648	270532674	12916861	188
14930352	0	8	2147485248	15728640	2147483648	270532674	12916861	188
14930352	0	8	2147485248	15728640	2147483648	270532674	12916861	188
14930352	0	8	2147485248	15728640	2147483648	270532674	12916861	189
14930352	0	8	2147485248	15728640	2147483648	270532674	12916861	189
14930352	0	8	2147485248	15728640	2147483648	270532674	12916861	189
14930352	0	8	2147485248	15728640	2147483648	270532674	12916861	189
14930352	0	8	2147485248	15728640	2147483648	270532674	12916861	189
14930352	0	8	2147485248	15728640	2147483648	270532674	12916861	189
14930352	0	8	2147485248	15728640	2147483648	270532674	12916861	190
14930352	0	8	2147485248	15728640	2147483648	270532674	12916861	190
14930352	0	8	2147485248	15728640	2147483648	270532674	12916861	190
14930352	0	8	2147485248	15728640	2147483648	270532674	12916861	190
14930352	0	8	2147485248	15728640	2147483648	270532674	12916861	190
14930352	0	8	2147485248	15728640	2147483648	270532674	12916861	190
14930352	0	8	2147485248	15728640	2147483648	270532674	12916861	190
14930352	0	8	2147485248	15728640	2147483648	270532674	12916861	191
14930352	0	8	2147485248	15728640	2147483648	270532674	12916861	191
14930352	0	8	2147485248	15728640	2147483648	270532674	12916861	191
14930352	0	8	2147485248	15728640	2147483648	270532674	12916861	191
14930352	0	8	2147485248	15728640	2147483648	270532674	12916861	191
14930352	0	8	2147485248	15728640	2147483648	270532674	12916861	192
14930352	0	8	2147485248	15728640	2147483648	270532674	12916861	192
14930352	0	8	2147485248	15728640	2147483648	270532674	12916861	192
14930352	0	8	2147485248	15728640	2147483648	270532674	12916861	192
14930352	0	8	2147485248	15728640	2147483648	270532674	12916861	192
14930352	0	8	2147485248	15728640	2147483648	270532674	12916861	192
14930352	0	8	2147485248	15728640	2147483648	270532674	12916861	192
14930352	0	8	2147485248	15728640	2147483648	270532674	12916861	193
14930352	0	8	2147485248	15728640	2147483648	270532674	12916861	193
14930352	0	8	2147485248	15728640	2147483648	270532674	12916861	193
14930352	0	8	2147485248	15728640	2147483648	270532674	12916861	193
14930352	0	8	2147485248	15728640	2147483648	270532674	12916861	193
14930352	0	8	2147485248	15728640	2147483648	270532674	12916861	193
14930352	0	8	2147485248	15728640	2147483648	270532674	12916861	193
14930352	0	8	2147485248	15728640	2147483648	270532674	12916861	194
14930352	0	8	2147485248	15728640	2147483648	270532674	12916861	194
14930352	0	8	2147485248	15728640	2147483648	270532674	12916861	194
14930352	0	8	2147485248	15728640	2147483648	270532674	12916861	194
14930352	0	8	2147485248	15728640	2147483648	270532674	12916861	194
14930352	0	8	2147485248	15728640	2147483648	270532674	12916861	194
14930352	0	8	2147485248	15728640	2147483648	270532674	12916861	195
14930352	0	8	2147485248	15728640	2147483648	270532674	12916861	195
14930352	0	8	2147485248	15728640	2147483648	270532674	12916861	195
14930352	0	8	2147485248	15728640	2147483648	270532674	12916861	195
14930352	0	8	2147485248	15728640	2147483648	270532674	12916861	195
14930352	0	8	2147485248	15728640	2147483648	270532674	12916861	195
14930352	0	8	2147485248	15728640	2147483648	270532674	12916861	196
14930352	0	8	2147485248	15728640	2147483648	270532674	12916861	196
14930352	0	8	2147485248	15728640	2147483648	270532674	12916861	196
14930352	0	8	2147485248	15728640	2147483648	270532674	12916861	196
14930352	0	8	2147485248	15728640	2147483648	270532674	12916861	196
14930352	0	8	2147485248	15728640	2147483648	270532674	12916861	196
14930352	0	8	2147485248	15728640	2147483648	270532674	12916861	197
14930352	0	8	2147485248	15728640	2147483648	270532674	12916861	197
14930352	0	8	2147485248	15728640	2147483648	270532674	12916861	197
14930352	0	8	2147485248	15728640	2147483648	270532674	12916861	197
14930352	0	8	2147485248	15728640	2147483648	270532674	12916861	197
14930352	0	8	2147485248	15728640	2147483648	270532674	12916861	197
14930352	0	8	2147485248	15728640	2147483648	270532674	12916861	197
14930352	0	8	2147485248	15728640	2147483648	270532674	12916861	198
14930352	0	8	2147485248	15728640	2147483648	270532674	12916861	198
14930352	0	8	2147485248	15728640	2147483648	270532674	12916861	198
14930352	0	8	2147485248	15728640	2147483648	270532674	12916861	198
14930352	0	8	2147485248	15728640	2147483648	270532674	12916861	198
14930352	0	8	2147485248	15728640	2147483648	270532674	12916861	198
14930352	0	8	2147485248	15728640	2147483648	270532674	12916861	199
14930352	0	8	2147485248	15728640	2147483648	270532674	12916861	199
14930352	0	8	2147485248	15728640	2147483648	270532674	12916861	199
14930352	0	8	2147485248	15728640	2147483648	270532674	12916861	199
14930352	0	8	2147485248	15728640	2147483648	270532674	12916861	199
14930352	0	8	2147485248	15728640	2147483648	270532674	12916861	199
14930352	0	8	2147485248	15728640	2147483648	270532674	12916861	200
14930352	0	8	2147485248	15728640	2147483648	270532674	12916861	200
14930352	0	8	2147485248	15728640	2147483648	270532674	12916861	200
14930352	0	8	2147485248	15728640	2147483648	270532674	12916861	200
14930352	0	8	2147485248	15728640	2147483648	270532674	12916861	200
14930352	0	8	2147485248	15728640	2147483648	270532674	12916861	200
14930352	0	8	2147485248	15728640	2147483648	270532674	12916861	200
14930352	0	8	2147485248	15728640	2147483648	270532674	12916861	201
14930352	0	8	2147485248	15728640	2147483648	270532674	12916861	201
14930352	0	8	2147485248	15728640	2147483648	270532674	12916861	201
14930352	0	8	2147485248	15728640	2147483648	270532674	12916861	201
14930352	0	8	2147485248	15728640	2147483648	270532674	12916861	201
14930352	0	8	2147485248	15728640	2147483648	270532674	12916861	201
14930352	0	8	2147485248	15728640	2147483648	270532674	12916861	202
14930352	0	8	2147485248	15728640	2147483648	270532674	12916861	202
14930352	0	8	2147485248	15728640	2147483648	270532674	12916861	202
14930352	0	8	2147485248	15728640	2147483648	270532674	12916861	202
14930352	0	8	2147485248	15728640	2147483648	270532674	12916861	202
14930352	0	8	2147485248	15728640	2147483648	270532674	12916861	202
14930352	0	8	2147485248	15728640	2147483648	270532674	12916861	203
14930352	0	8	2147485248	15728640	2147483648	270532674	12916861	203
14930352	0	8	2147485248	15728640	2147483648	270532674	12916861	203
14930352	0	8	2147485248	15728640	2147483648	270532674	12916861	203
14930352	0	8	2147485248	15728640	2147483648	270532674	12916861	203
14930352	0	8	2147485248	15728640	2147483648	270532674	12916861	203
14930352	0	8	2147485248	15728640	2147483648	270532674	12916861	204
14930352	0	8	2147485248	15728640	2147483648	270532674	12916861	204
14930352	0	8	2147485248	15728640	2147483648	270532674	12916861	204
14930352	0	8	2147485248	15728640	2147483648	270532674	12916861	204
14930352	0	8	2147485248	15728640	2147483648	270532674	12916861	204
14930352	0	8	2147485248	15728640	2147483648	270532674	12916861	204
14930352	0	8	2147485248	15728640	2147483648	270532674	12916861	204
14930352	0	8	2147485248	15728640	2147483648	270532674	12916861	205
14930352	0	8	2147485248	15728640	2147483648	270532674	12916861	205
14930352	0	8	2147485248	15728640	2147483648	270532674	12916861	205
14930352	0	8	2147485248	15728640	2147483648	270532674	12916861	205
14930352	0	8	2147485248	15728640	2147483648	270532674	12916861	205
14930352	0	8	2147485248	15728640	2147483648	270532674	12916861	205
14930352	0	8	2147485248	15728640	2147483648	270532674	12916861	205
14930352	0	8	2147485248	15728640	2147483648	270532674	12916861	206
14930352	0	8	2147485248	15728640	2147483648	270532674	12916861	206
14930352	0	8	2147485248	15728640	2147483648	270532674	12916861	206
14930352	0	8	2147485248	15728640	2147483648	270532674	12916861	206
14930352	0	8	2147485248	15728640	2147483648	270532674	12916861	206
14930352	0	8	2147485248	15728640	2147483648	270532674	12916861	207
14930352	0	8	2147485248	15728640	2147483648	270532674	12916861	207
14930352	0	8	2147485248	15728640	2147483648	270532674	12916861	207
14930352	0	8	2147485248	15728640	2147483648	270532674	12916861	207
14930352	0	8	2147485248	15728640	2147483648	270532674	12916861	207
14930352	0	8	2147485248	15728640	2147483648	270532674	12916861	207
14930352	0	8	2147485248	15728640	2147483648	270532674	12916861	207
14930352	0	8	2147485248	15728640	2147483648	270532674	12916861	208
14930352	0	8	2147485248	15728640	2147483648	270532674	12916861	208
14930352	0	8	2147485248	15728640	2147483648	270532674	12916861	208
14930352	0	8	2147485248	15728640	2147483648	270532674	12916861	208
14930352	0	8	2147485248	15728640	2147483648	270532674	12916861	208
14930352	0	8	2147485248	15728640	2147483648	270532674	12916861	208
14930352	0	8	2147485248	15728640	2147483648	270532674	12916861	209
14930352	0	8	2147485248	15728640	2147483648	270532674	12916861	209
14930352	0	8	2147485248	15728640	2147483648	270532674	12916861	209
14930352	0	8	2147485248	15728640	2147483648	270532674	12916861	209
14930352	0	8	2147485248	15728640	2147483648	270532674	12916861	209
14930352	0	8	2147485248	15728640	2147483648	270532674	12916861	209
14930352	0	8	2147485248	15728640	2147483648	270532674	12916861	209
14930352	0	8	2147485248	15728640	2147483648	270532674	12916861	210
14930352	0	8	2147485248	15728640	2147483648	270532674	12916861	210
14930352	0	8	2147485248	15728640	2147483648	270532674	12916861	210
14930352	0	8	2147485248	15728640	2147483648	270532674	12916861	210
14930352	0	8	2147485248	15728640	2147483648	270532674	12916861	210
14930352	0	8	2147485248	15728640	2147483648	270532674	12916861	210
14930352	0	8	2147485248	15728640	2147483648	270532674	12916861	211
14930352	0	8	2147485248	15728640	2147483648	270532674	12916861	211
14930352	0	8	2147485248	15728640	2147483648	270532674	12916861	211
14930352	0	8	2147485248	15728640	2147483648	270532674	12916861	211
14930352	0	8	2147485248	15728640	2147483648	270532674	12916861	211
14930352	0	8	2147485248	15728640	2147483648	270532674	12916861	212
14930352	0	8	2147485248	15728640	2147483648	270532674	12916861	212
14930352	0	8	2147485248	15728640	2147483648	270532674	12916861	212
14930352	0	8	2147485248	15728640	2147483648	270532674	12916861	212
14930352	0	8	2147485248	15728640	2147483648	270532674	12916861	212
14930352	0	8	2147485248	15728640	2147483648	270532674	12916861	213
14930352	0	8	2147485248	15728640	2147483648	270532674	12916861	213
14930352	0	8	2147485248	15728640	2147483648	270532674	12916861	213
14930352	0	8	2147485248	15728640	2147483648	270532674	12916861	213