fib_sum	dfsr	ifsr	actlr	cpacr	pmcr	cache_aux_cntrl	cntrl	time
14930352	6152	0	66	15728640	2147483648	270532674	12912760	14
14930352	6152	0	66	15728640	2147483648	270532674	12912760	46
14930352	6152	0	66	15728640	2147483648	270532674	12912760	47
14930352	6152	0	66	15728640	2147483648	270532674	12912760	47
14930352	6152	0	66	15728640	2147483648	270532674	12912760	47
14930352	6152	0	66	15728640	2147483648	270532674	12912760	47
14930352	6152	0	66	15728640	2147483648	270532674	12912760	47
14930352	6152	0	66	15728640	2147483648	270532674	12912760	47
14930352	6152	0	66	15728640	2147483648	270532674	12912760	47
14930352	6152	0	66	15728640	2147483648	270532674	12912760	47
14930352	6152	0	66	15728640	2147483648	270532674	12912760	48
14930352	6152	0	66	15728640	2147483648	270532674	12912760	48
14930352	6152	0	66	15728640	2147483648	270532674	12912760	48
14930352	6152	0	66	15728640	2147483648	270532674	12912760	48
14930352	6152	0	66	15728640	2147483648	270532674	12912760	48
14930352	6152	0	66	15728640	2147483648	270532674	12912760	48
14930352	6152	0	66	15728640	2147483648	270532674	12912760	48
14930352	6152	0	66	15728640	2147483648	270532674	12912760	48
14930352	6152	0	66	15728640	2147483648	270532674	12912760	49
14930352	6152	0	66	15728640	2147483648	270532674	12912760	49
14930352	6152	0	66	15728640	2147483648	270532674	12912760	49
14930352	6152	0	66	15728640	2147483648	270532674	12912760	49
14930352	6152	0	66	15728640	2147483648	270532674	12912760	49
14930352	6152	0	66	15728640	2147483648	270532674	12912760	49
14930352	6152	0	66	15728640	2147483648	270532674	12912760	49
14930352	6152	0	66	15728640	2147483648	270532674	12912760	49
14930352	6152	0	66	15728640	2147483648	270532674	12912760	50
14930352	6152	0	66	15728640	2147483648	270532674	12912760	50
14930352	6152	0	66	15728640	2147483648	270532674	12912760	50
14930352	6152	0	66	15728640	2147483648	270532674	12912760	50
14930352	6152	0	66	15728640	2147483648	270532674	12912760	50
14930352	6152	0	66	15728640	2147483648	270532674	12912760	50
14930352	6152	0	66	15728640	2147483648	270532674	12912760	50
14930352	6152	0	66	15728640	2147483648	270532674	12912760	51
14930352	6152	0	66	15728640	2147483648	270532674	12912760	51
14930352	6152	0	66	15728640	2147483648	270532674	12912760	51
14930352	6152	0	66	15728640	2147483648	270532674	12912760	51
14930352	6152	0	66	15728640	2147483648	270532674	12912760	51
14930352	6152	0	66	15728640	2147483648	270532674	12912760	51
14930352	6152	0	66	15728640	2147483648	270532674	12912760	51
14930352	6152	0	66	15728640	2147483648	270532674	12912760	51
14930352	6152	0	66	15728640	2147483648	270532674	12912760	52
14930352	6152	0	66	15728640	2147483648	270532674	12912760	52
14930352	6152	0	66	15728640	2147483648	270532674	12912760	52
14930352	6152	0	66	15728640	2147483648	270532674	12912760	52
14930352	6152	0	66	15728640	2147483648	270532674	12912760	52
14930352	6152	0	66	15728640	2147483648	270532674	12912760	52
14930352	6152	0	66	15728640	2147483648	270532674	12912760	52
14930352	6152	0	66	15728640	2147483648	270532674	12912760	52
14930352	6152	0	66	15728640	2147483648	270532674	12912760	52
14930352	6152	0	66	15728640	2147483648	270532674	12912760	53
14930352	6152	0	66	15728640	2147483648	270532674	12912760	53
14930352	6152	0	66	15728640	2147483648	270532674	12912760	53
14930352	6152	0	66	15728640	2147483648	270532674	12912760	53
14930352	6152	0	66	15728640	2147483648	270532674	12912760	53
14930352	6152	0	66	15728640	2147483648	270532674	12912760	53
14930352	6152	0	66	15728640	2147483648	270532674	12912760	53
14930352	6152	0	66	15728640	2147483648	270532674	12912760	54
14930352	6152	0	66	15728640	2147483648	270532674	12912760	54
14930352	6152	0	66	15728640	2147483648	270532674	12912760	54
14930352	6152	0	66	15728640	2147483648	270532674	12912760	54
14930352	6152	0	66	15728640	2147483648	270532674	12912760	54
14930352	6152	0	66	15728640	2147483648	270532674	12912760	54
14930352	6152	0	66	15728640	2147483648	270532674	12912760	54
14930352	6152	0	66	15728640	2147483648	270532674	12912760	54
14930352	6152	0	66	15728640	2147483648	270532674	12912760	55
14930352	6152	0	66	15728640	2147483648	270532674	12912760	55
14930352	6152	0	66	15728640	2147483648	270532674	12912760	55
14930352	6152	0	66	15728640	2147483648	270532674	12912760	55
14930352	6152	0	66	15728640	2147483648	270532674	12912760	55
14930352	6152	0	66	15728640	2147483648	270532674	12912760	55
14930352	6152	0	66	15728640	2147483648	270532674	12912760	55
14930352	6152	0	66	15728640	2147483648	270532674	12912760	56
14930352	6152	0	66	15728640	2147483648	270532674	12912760	56
14930352	6152	0	66	15728640	2147483648	270532674	12912760	56
14930352	6152	0	66	15728640	2147483648	270532674	12912760	56
14930352	6152	0	66	15728640	2147483648	270532674	12912760	56
14930352	6152	0	66	15728640	2147483648	270532674	12912760	56
14930352	6152	0	66	15728640	2147483648	270532674	12912760	56
14930352	6152	0	66	15728640	2147483648	270532674	12912760	56
14930352	6152	0	66	15728640	2147483648	270532674	12912760	57
14930352	6152	0	66	15728640	2147483648	270532674	12912760	57
14930352	6152	0	66	15728640	2147483648	270532674	12912760	57
14930352	6152	0	66	15728640	2147483648	270532674	12912760	57
14930352	6152	0	66	15728640	2147483648	270532674	12912760	57
14930352	6152	0	66	15728640	2147483648	270532674	12912760	57
14930352	6152	0	66	15728640	2147483648	270532674	12912760	57
14930352	6152	0	66	15728640	2147483648	270532674	12912760	58
14930352	6152	0	66	15728640	2147483648	270532674	12912760	58
14930352	6152	0	66	15728640	2147483648	270532674	12912760	58
14930352	6152	0	66	15728640	2147483648	270532674	12912760	58
14930352	6152	0	66	15728640	2147483648	270532674	12912760	58
14930352	6152	0	66	15728640	2147483648	270532674	12912760	58
14930352	6152	0	66	15728640	2147483648	270532674	12912760	58
14930352	6152	0	66	15728640	2147483648	270532674	12912760	58
14930352	6152	0	66	15728640	2147483648	270532674	12912760	58
14930352	6152	0	66	15728640	2147483648	270532674	12912760	59
14930352	6152	0	66	15728640	2147483648	270532674	12912760	59
14930352	6152	0	66	15728640	2147483648	270532674	12912760	59
14930352	6152	0	66	15728640	2147483648	270532674	12912760	59
14930352	6152	0	66	15728640	2147483648	270532674	12912760	59
14930352	6152	0	66	15728640	2147483648	270532674	12912760	59
14930352	6152	0	66	15728640	2147483648	270532674	12912760	59
14930352	6152	0	66	15728640	2147483648	270532674	12912760	60
14930352	6152	0	66	15728640	2147483648	270532674	12912760	60
14930352	6152	0	66	15728640	2147483648	270532674	12912760	60
14930352	6152	0	66	15728640	2147483648	270532674	12912760	60
14930352	6152	0	66	15728640	2147483648	270532674	12912760	60
14930352	6152	0	66	15728640	2147483648	270532674	12912760	60
14930352	6152	0	66	15728640	2147483648	270532674	12912760	60
14930352	6152	0	66	15728640	2147483648	270532674	12912760	60
14930352	6152	0	66	15728640	2147483648	270532674	12912760	61
14930352	6152	0	66	15728640	2147483648	270532674	12912760	61
14930352	6152	0	66	15728640	2147483648	270532674	12912760	61
14930352	6152	0	66	15728640	2147483648	270532674	12912760	61
14930352	6152	0	66	15728640	2147483648	270532674	12912760	61
14930352	6152	0	66	15728640	2147483648	270532674	12912760	61
14930352	6152	0	66	15728640	2147483648	270532674	12912760	61
14930352	6152	0	66	15728640	2147483648	270532674	12912760	62
14930352	6152	0	66	15728640	2147483648	270532674	12912760	62
14930352	6152	0	66	15728640	2147483648	270532674	12912760	62
14930352	6152	0	66	15728640	2147483648	270532674	12912760	62
14930352	6152	0	66	15728640	2147483648	270532674	12912760	62
14930352	6152	0	66	15728640	2147483648	270532674	12912760	62
14930352	6152	0	66	15728640	2147483648	270532674	12912760	62
14930352	6152	0	66	15728640	2147483648	270532674	12912760	62
14930352	6152	0	66	15728640	2147483648	270532674	12912760	63
14930352	6152	0	66	15728640	2147483648	270532674	12912760	63
14930352	6152	0	66	15728640	2147483648	270532674	12912760	63
14930352	6152	0	66	15728640	2147483648	270532674	12912760	63
14930352	6152	0	66	15728640	2147483648	270532674	12912760	63
14930352	6152	0	66	15728640	2147483648	270532674	12912760	63
14930352	6152	0	66	15728640	2147483648	270532674	12912760	63
14930352	6152	0	66	15728640	2147483648	270532674	12912760	63
14930352	6152	0	66	15728640	2147483648	270532674	12912760	64
14930352	6152	0	66	15728640	2147483648	270532674	12912760	64
14930352	6152	0	66	15728640	2147483648	270532674	12912760	64
14930352	6152	0	66	15728640	2147483648	270532674	12912760	64
14930352	6152	0	66	15728640	2147483648	270532674	12912760	64
14930352	6152	0	66	15728640	2147483648	270532674	12912760	64
14930352	6152	0	66	15728640	2147483648	270532674	12912760	64
14930352	6152	0	66	15728640	2147483648	270532674	12912760	65
14930352	6152	0	66	15728640	2147483648	270532674	12912760	65
14930352	6152	0	66	15728640	2147483648	270532674	12912760	65
14930352	6152	0	66	15728640	2147483648	270532674	12912760	65
14930352	6152	0	66	15728640	2147483648	270532674	12912760	65
14930352	6152	0	66	15728640	2147483648	270532674	12912760	65
14930352	6152	0	66	15728640	2147483648	270532674	12912760	65
14930352	6152	0	66	15728640	2147483648	270532674	12912760	65
14930352	6152	0	66	15728640	2147483648	270532674	12912760	65
14930352	6152	0	66	15728640	2147483648	270532674	12912760	66
14930352	6152	0	66	15728640	2147483648	270532674	12912760	66
14930352	6152	0	66	15728640	2147483648	270532674	12912760	66
14930352	6152	0	66	15728640	2147483648	270532674	12912760	66
14930352	6152	0	66	15728640	2147483648	270532674	12912760	66
14930352	6152	0	66	15728640	2147483648	270532674	12912760	66
14930352	6152	0	66	15728640	2147483648	270532674	12912760	66
14930352	6152	0	66	15728640	2147483648	270532674	12912760	67
14930352	6152	0	66	15728640	2147483648	270532674	12912760	67
14930352	6152	0	66	15728640	2147483648	270532674	12912760	67
14930352	6152	0	66	15728640	2147483648	270532674	12912760	67
14930352	6152	0	66	15728640	2147483648	270532674	12912760	67
14930352	6152	0	66	15728640	2147483648	270532674	12912760	67
14930352	6152	0	66	15728640	2147483648	270532674	12912760	67
14930352	6152	0	66	15728640	2147483648	270532674	12912760	67
14930352	6152	0	66	15728640	2147483648	270532674	12912760	68
14930352	6152	0	66	15728640	2147483648	270532674	12912760	68
14930352	6152	0	66	15728640	2147483648	270532674	12912760	68
14930352	6152	0	66	15728640	2147483648	270532674	12912760	68
14930352	6152	0	66	15728640	2147483648	270532674	12912760	68
14930352	6152	0	66	15728640	2147483648	270532674	12912760	68
14930352	6152	0	66	15728640	2147483648	270532674	12912760	68
14930352	6152	0	66	15728640	2147483648	270532674	12912760	69
14930352	6152	0	66	15728640	2147483648	270532674	12912760	69
14930352	6152	0	66	15728640	2147483648	270532674	12912760	69
14930352	6152	0	66	15728640	2147483648	270532674	12912760	69
14930352	6152	0	66	15728640	2147483648	270532674	12912760	69
14930352	6152	0	66	15728640	2147483648	270532674	12912760	69
14930352	6152	0	66	15728640	2147483648	270532674	12912760	69
14930352	6152	0	66	15728640	2147483648	270532674	12912760	69
14930352	6152	0	66	15728640	2147483648	270532674	12912760	70
14930352	6152	0	66	15728640	2147483648	270532674	12912760	70
14930352	6152	0	66	15728640	2147483648	270532674	12912760	70
14930352	6152	0	66	15728640	2147483648	270532674	12912760	70
14930352	6152	0	66	15728640	2147483648	270532674	12912760	70
14930352	6152	0	66	15728640	2147483648	270532674	12912760	70
14930352	6152	0	66	15728640	2147483648	270532674	12912760	70
14930352	6152	0	66	15728640	2147483648	270532674	12912760	71
14930352	6152	0	66	15728640	2147483648	270532674	12912760	71
14930352	6152	0	66	15728640	2147483648	270532674	12912760	71
14930352	6152	0	66	15728640	2147483648	270532674	12912760	71
14930352	6152	0	66	15728640	2147483648	270532674	12912760	71
14930352	6152	0	66	15728640	2147483648	270532674	12912760	71
14930352	6152	0	66	15728640	2147483648	270532674	12912760	71
14930352	6152	0	66	15728640	2147483648	270532674	12912760	72
14930352	6152	0	66	15728640	2147483648	270532674	12912760	72
14930352	6152	0	66	15728640	2147483648	270532674	12912760	72
14930352	6152	0	66	15728640	2147483648	270532674	12912760	72
14930352	6152	0	66	15728640	2147483648	270532674	12912760	72
14930352	6152	0	66	15728640	2147483648	270532674	12912760	72
14930352	6152	0	66	15728640	2147483648	270532674	12912760	72
14930352	6152	0	66	15728640	2147483648	270532674	12912760	73
14930352	6152	0	66	15728640	2147483648	270532674	12912760	73
14930352	6152	0	66	15728640	2147483648	270532674	12912760	73
14930352	6152	0	66	15728640	2147483648	270532674	12912760	73
14930352	6152	0	66	15728640	2147483648	270532674	12912760	73
14930352	6152	0	66	15728640	2147483648	270532674	12912760	74
14930352	6152	0	66	15728640	2147483648	270532674	12912760	74
14930352	6152	0	66	15728640	2147483648	270532674	12912760	74
14930352	6152	0	66	15728640	2147483648	270532674	12912760	74
14930352	6152	0	66	15728640	2147483648	270532674	12912760	74
14930352	6152	0	66	15728640	2147483648	270532674	12912760	74
14930352	6152	0	66	15728640	2147483648	270532674	12912760	75
14930352	6152	0	66	15728640	2147483648	270532674	12912760	75
14930352	6152	0	66	15728640	2147483648	270532674	12912760	75
14930352	6152	0	66	15728640	2147483648	270532674	12912760	75
14930352	6152	0	66	15728640	2147483648	270532674	12912760	75
14930352	6152	0	66	15728640	2147483648	270532674	12912760	75
14930352	6152	0	66	15728640	2147483648	270532674	12912760	76
14930352	6152	0	66	15728640	2147483648	270532674	12912760	76
14930352	6152	0	66	15728640	2147483648	270532674	12912760	76
14930352	6152	0	66	15728640	2147483648	270532674	12912760	76
14930352	6152	0	66	15728640	2147483648	270532674	12912760	76
14930352	6152	0	66	15728640	2147483648	270532674	12912760	76
14930352	6152	0	66	15728640	2147483648	270532674	12912760	76
14930352	6152	0	66	15728640	2147483648	270532674	12912760	77
14930352	6152	0	66	15728640	2147483648	270532674	12912760	77
14930352	6152	0	66	15728640	2147483648	270532674	12912760	77
14930352	6152	0	66	15728640	2147483648	270532674	12912760	77
14930352	6152	0	66	15728640	2147483648	270532674	12912760	77
14930352	6152	0	66	15728640	2147483648	270532674	12912760	77
14930352	6152	0	66	15728640	2147483648	270532674	12912760	78
14930352	6152	0	66	15728640	2147483648	270532674	12912760	78
14930352	6152	0	66	15728640	2147483648	270532674	12912760	78
14930352	6152	0	66	15728640	2147483648	270532674	12912760	78
14930352	6152	0	66	15728640	2147483648	270532674	12912760	78
14930352	6152	0	66	15728640	2147483648	270532674	12912760	78
14930352	6152	0	66	15728640	2147483648	270532674	12912760	79
14930352	6152	0	66	15728640	2147483648	270532674	12912760	79
14930352	6152	0	66	15728640	2147483648	270532674	12912760	79
14930352	6152	0	66	15728640	2147483648	270532674	12912760	79
14930352	6152	0	66	15728640	2147483648	270532674	12912760	79
14930352	6152	0	66	15728640	2147483648	270532674	12912760	79
14930352	6152	0	66	15728640	2147483648	270532674	12912760	79
14930352	6152	0	66	15728640	2147483648	270532674	12912760	80
14930352	6152	0	66	15728640	2147483648	270532674	12912760	80
14930352	6152	0	66	15728640	2147483648	270532674	12912760	80
14930352	6152	0	66	15728640	2147483648	270532674	12912760	80
14930352	6152	0	66	15728640	2147483648	270532674	12912760	80
14930352	6152	0	66	15728640	2147483648	270532674	12912760	80
14930352	6152	0	66	15728640	2147483648	270532674	12912760	80
14930352	6152	0	66	15728640	2147483648	270532674	12912760	81
14930352	6152	0	66	15728640	2147483648	270532674	12912760	81
14930352	6152	0	66	15728640	2147483648	270532674	12912760	81
14930352	6152	0	66	15728640	2147483648	270532674	12912760	81
14930352	6152	0	66	15728640	2147483648	270532674	12912760	81
14930352	6152	0	66	15728640	2147483648	270532674	12912760	81
14930352	6152	0	66	15728640	2147483648	270532674	12912760	82
14930352	6152	0	66	15728640	2147483648	270532674	12912760	82
14930352	6152	0	66	15728640	2147483648	270532674	12912760	82
14930352	6152	0	66	15728640	2147483648	270532674	12912760	82
14930352	6152	0	66	15728640	2147483648	270532674	12912760	82
14930352	6152	0	66	15728640	2147483648	270532674	12912760	82
14930352	6152	0	66	15728640	2147483648	270532674	12912760	82
14930352	6152	0	66	15728640	2147483648	270532674	12912760	82
14930352	6152	0	66	15728640	2147483648	270532674	12912760	83
14930352	6152	0	66	15728640	2147483648	270532674	12912760	83
14930352	6152	0	66	15728640	2147483648	270532674	12912760	83
14930352	6152	0	66	15728640	2147483648	270532674	12912760	83
14930352	6152	0	66	15728640	2147483648	270532674	12912760	83
14930352	6152	0	66	15728640	2147483648	270532674	12912760	83
14930352	6152	0	66	15728640	2147483648	270532674	12912760	84
14930352	6152	0	66	15728640	2147483648	270532674	12912760	84
14930352	6152	0	66	15728640	2147483648	270532674	12912760	84
14930352	6152	0	66	15728640	2147483648	270532674	12912760	84
14930352	6152	0	66	15728640	2147483648	270532674	12912760	84
14930352	6152	0	66	15728640	2147483648	270532674	12912760	84
14930352	6152	0	66	15728640	2147483648	270532674	12912760	84
14930352	6152	0	66	15728640	2147483648	270532674	12912760	84
14930352	6152	0	66	15728640	2147483648	270532674	12912760	85
14930352	6152	0	66	15728640	2147483648	270532674	12912760	85
14930352	6152	0	66	15728640	2147483648	270532674	12912760	85
14930352	6152	0	66	15728640	2147483648	270532674	12912760	85
14930352	6152	0	66	15728640	2147483648	270532674	12912760	85
14930352	6152	0	66	15728640	2147483648	270532674	12912760	85
14930352	6152	0	66	15728640	2147483648	270532674	12912760	86
14930352	6152	0	66	15728640	2147483648	270532674	12912760	86
14930352	6152	0	66	15728640	2147483648	270532674	12912760	86
14930352	6152	0	66	15728640	2147483648	270532674	12912760	86
14930352	6152	0	66	15728640	2147483648	270532674	12912760	86
14930352	6152	0	66	15728640	2147483648	270532674	12912760	86
14930352	6152	0	66	15728640	2147483648	270532674	12912760	86
14930352	6152	0	66	15728640	2147483648	270532674	12912760	86
14930352	6152	0	66	15728640	2147483648	270532674	12912760	87
14930352	6152	0	66	15728640	2147483648	270532674	12912760	87
14930352	6152	0	66	15728640	2147483648	270532674	12912760	87
14930352	6152	0	66	15728640	2147483648	270532674	12912760	87
14930352	6152	0	66	15728640	2147483648	270532674	12912760	87
14930352	6152	0	66	15728640	2147483648	270532674	12912760	87
14930352	6152	0	66	15728640	2147483648	270532674	12912760	87
14930352	6152	0	66	15728640	2147483648	270532674	12912760	88
14930352	6152	0	66	15728640	2147483648	270532674	12912760	88
14930352	6152	0	66	15728640	2147483648	270532674	12912760	88
14930352	6152	0	66	15728640	2147483648	270532674	12912760	88
14930352	6152	0	66	15728640	2147483648	270532674	12912760	88
14930352	6152	0	66	15728640	2147483648	270532674	12912760	88
14930352	6152	0	66	15728640	2147483648	270532674	12912760	88
14930352	6152	0	66	15728640	2147483648	270532674	12912760	89
14930352	6152	0	66	15728640	2147483648	270532674	12912760	89
14930352	6152	0	66	15728640	2147483648	270532674	12912760	89
14930352	6152	0	66	15728640	2147483648	270532674	12912760	89
14930352	6152	0	66	15728640	2147483648	270532674	12912760	89
14930352	6152	0	66	15728640	2147483648	270532674	12912760	89
14930352	6152	0	66	15728640	2147483648	270532674	12912760	89
14930352	6152	0	66	15728640	2147483648	270532674	12912760	89
14930352	6152	0	66	15728640	2147483648	270532674	12912760	90
14930352	6152	0	66	15728640	2147483648	270532674	12912760	90
14930352	6152	0	66	15728640	2147483648	270532674	12912760	90
14930352	6152	0	66	15728640	2147483648	270532674	12912760	90
14930352	6152	0	66	15728640	2147483648	270532674	12912760	90
14930352	6152	0	66	15728640	2147483648	270532674	12912760	90
14930352	6152	0	66	15728640	2147483648	270532674	12912760	91
14930352	6152	0	66	15728640	2147483648	270532674	12912760	91
14930352	6152	0	66	15728640	2147483648	270532674	12912760	91
14930352	6152	0	66	15728640	2147483648	270532674	12912760	91
14930352	6152	0	66	15728640	2147483648	270532674	12912760	91
14930352	6152	0	66	15728640	2147483648	270532674	12912760	91
14930352	6152	0	66	15728640	2147483648	270532674	12912760	91
14930352	6152	0	66	15728640	2147483648	270532674	12912760	92
14930352	6152	0	66	15728640	2147483648	270532674	12912760	92
14930352	6152	0	66	15728640	2147483648	270532674	12912760	92
14930352	6152	0	66	15728640	2147483648	270532674	12912760	92
14930352	6152	0	66	15728640	2147483648	270532674	12912760	92
14930352	6152	0	66	15728640	2147483648	270532674	12912760	92
14930352	6152	0	66	15728640	2147483648	270532674	12912760	92
14930352	6152	0	66	15728640	2147483648	270532674	12912760	93
14930352	6152	0	66	15728640	2147483648	270532674	12912760	93
14930352	6152	0	66	15728640	2147483648	270532674	12912760	93
14930352	6152	0	66	15728640	2147483648	270532674	12912760	93
14930352	6152	0	66	15728640	2147483648	270532674	12912760	93
14930352	6152	0	66	15728640	2147483648	270532674	12912760	93
14930352	6152	0	66	15728640	2147483648	270532674	12912760	93
14930352	6152	0	66	15728640	2147483648	270532674	12912760	93
14930352	6152	0	66	15728640	2147483648	270532674	12912760	94
14930352	6152	0	66	15728640	2147483648	270532674	12912760	94
14930352	6152	0	66	15728640	2147483648	270532674	12912760	94
14930352	6152	0	66	15728640	2147483648	270532674	12912760	94
14930352	6152	0	66	15728640	2147483648	270532674	12912760	94
14930352	6152	0	66	15728640	2147483648	270532674	12912760	94
14930352	6152	0	66	15728640	2147483648	270532674	12912760	94
14930352	6152	0	66	15728640	2147483648	270532674	12912760	95
14930352	6152	0	66	15728640	2147483648	270532674	12912760	95
14930352	6152	0	66	15728640	2147483648	270532674	12912760	95
14930352	6152	0	66	15728640	2147483648	270532674	12912760	95
14930352	6152	0	66	15728640	2147483648	270532674	12912760	95
14930352	6152	0	66	15728640	2147483648	270532674	12912760	95
14930352	6152	0	66	15728640	2147483648	270532674	12912760	95
14930352	6152	0	66	15728640	2147483648	270532674	12912760	96
14930352	6152	0	66	15728640	2147483648	270532674	12912760	96
14930352	6152	0	66	15728640	2147483648	270532674	12912760	96
14930352	6152	0	66	15728640	2147483648	270532674	12912760	96
14930352	6152	0	66	15728640	2147483648	270532674	12912760	96
14930352	6152	0	66	15728640	2147483648	270532674	12912760	96
14930352	6152	0	66	15728640	2147483648	270532674	12912760	96
14930352	6152	0	66	15728640	2147483648	270532674	12912760	97
14930352	6152	0	66	15728640	2147483648	270532674	12912760	97
14930352	6152	0	66	15728640	2147483648	270532674	12912760	97
14930352	6152	0	66	15728640	2147483648	270532674	12912760	97
14930352	6152	0	66	15728640	2147483648	270532674	12912760	97
14930352	6152	0	66	15728640	2147483648	270532674	12912760	97
14930352	6152	0	66	15728640	2147483648	270532674	12912760	97
14930352	6152	0	66	15728640	2147483648	270532674	12912760	98
14930352	6152	0	66	15728640	2147483648	270532674	12912760	98
14930352	6152	0	66	15728640	2147483648	270532674	12912760	98
14930352	6152	0	66	15728640	2147483648	270532674	12912760	98
14930352	6152	0	66	15728640	2147483648	270532674	12912760	98
14930352	6152	0	66	15728640	2147483648	270532674	12912760	98
14930352	6152	0	66	15728640	2147483648	270532674	12912760	98
14930352	6152	0	66	15728640	2147483648	270532674	12912760	99
14930352	6152	0	66	15728640	2147483648	270532674	12912760	99
14930352	6152	0	66	15728640	2147483648	270532674	12912760	99
14930352	6152	0	66	15728640	2147483648	270532674	12912760	99
14930352	6152	0	66	15728640	2147483648	270532674	12912760	99
14930352	6152	0	66	15728640	2147483648	270532674	12912760	99
14930352	6152	0	66	15728640	2147483648	270532674	12912760	99
14930352	6152	0	66	15728640	2147483648	270532674	12912760	99
14930352	6152	0	66	15728640	2147483648	270532674	12912760	100
14930352	6152	0	66	15728640	2147483648	270532674	12912760	100
14930352	6152	0	66	15728640	2147483648	270532674	12912760	100
14930352	6152	0	66	15728640	2147483648	270532674	12912760	100
14930352	6152	0	66	15728640	2147483648	270532674	12912760	100
14930352	6152	0	66	15728640	2147483648	270532674	12912760	100
14930352	6152	0	66	15728640	2147483648	270532674	12912760	100
14930352	6152	0	66	15728640	2147483648	270532674	12912760	101
14930352	6152	0	66	15728640	2147483648	270532674	12912760	101
14930352	6152	0	66	15728640	2147483648	270532674	12912760	101
14930352	6152	0	66	15728640	2147483648	270532674	12912760	101
14930352	6152	0	66	15728640	2147483648	270532674	12912760	101
14930352	6152	0	66	15728640	2147483648	270532674	12912760	101
14930352	6152	0	66	15728640	2147483648	270532674	12912760	101
14930352	6152	0	66	15728640	2147483648	270532674	12912760	101
14930352	6152	0	66	15728640	2147483648	270532674	12912760	102
14930352	6152	0	66	15728640	2147483648	270532674	12912760	102
14930352	6152	0	66	15728640	2147483648	270532674	12912760	102
14930352	6152	0	66	15728640	2147483648	270532674	12912760	102
14930352	6152	0	66	15728640	2147483648	270532674	12912760	102
14930352	6152	0	66	15728640	2147483648	270532674	12912760	102
14930352	6152	0	66	15728640	2147483648	270532674	12912760	103
14930352	6152	0	66	15728640	2147483648	270532674	12912760	103
14930352	6152	0	66	15728640	2147483648	270532674	12912760	103
14930352	6152	0	66	15728640	2147483648	270532674	12912760	103
14930352	6152	0	66	15728640	2147483648	270532674	12912760	103
14930352	6152	0	66	15728640	2147483648	270532674	12912760	103
14930352	6152	0	66	15728640	2147483648	270532674	12912760	103
14930352	6152	0	66	15728640	2147483648	270532674	12912760	103
14930352	6152	0	66	15728640	2147483648	270532674	12912760	104
14930352	6152	0	66	15728640	2147483648	270532674	12912760	104
14930352	6152	0	66	15728640	2147483648	270532674	12912760	104
14930352	6152	0	66	15728640	2147483648	270532674	12912760	104
14930352	6152	0	66	15728640	2147483648	270532674	12912760	104
14930352	6152	0	66	15728640	2147483648	270532674	12912760	104
14930352	6152	0	66	15728640	2147483648	270532674	12912760	104
14930352	6152	0	66	15728640	2147483648	270532674	12912760	105
14930352	6152	0	66	15728640	2147483648	270532674	12912760	105
14930352	6152	0	66	15728640	2147483648	270532674	12912760	105
14930352	6152	0	66	15728640	2147483648	270532674	12912760	105
14930352	6152	0	66	15728640	2147483648	270532674	12912760	105
14930352	6152	0	66	15728640	2147483648	270532674	12912760	105
14930352	6152	0	66	15728640	2147483648	270532674	12912760	106
14930352	6152	0	66	15728640	2147483648	270532674	12912760	106
14930352	6152	0	66	15728640	2147483648	270532674	12912760	106
14930352	6152	0	66	15728640	2147483648	270532674	12912760	106
14930352	6152	0	66	15728640	2147483648	270532674	12912760	106
14930352	6152	0	66	15728640	2147483648	270532674	12912760	106
14930352	6152	0	66	15728640	2147483648	270532674	12912760	106
14930352	6152	0	66	15728640	2147483648	270532674	12912760	107
14930352	6152	0	66	15728640	2147483648	270532674	12912760	107
14930352	6152	0	66	15728640	2147483648	270532674	12912760	107
14930352	6152	0	66	15728640	2147483648	270532674	12912760	107
14930352	6152	0	66	15728640	2147483648	270532674	12912760	107
14930352	6152	0	66	15728640	2147483648	270532674	12912760	107
14930352	6152	0	66	15728640	2147483648	270532674	12912760	107
14930352	6152	0	66	15728640	2147483648	270532674	12912760	107
14930352	6152	0	66	15728640	2147483648	270532674	12912760	108
14930352	6152	0	66	15728640	2147483648	270532674	12912760	108
14930352	6152	0	66	15728640	2147483648	270532674	12912760	108
14930352	6152	0	66	15728640	2147483648	270532674	12912760	108
14930352	6152	0	66	15728640	2147483648	270532674	12912760	108
14930352	6152	0	66	15728640	2147483648	270532674	12912760	108
14930352	6152	0	66	15728640	2147483648	270532674	12912760	108
14930352	6152	0	66	15728640	2147483648	270532674	12912760	109
14930352	6152	0	66	15728640	2147483648	270532674	12912760	109
14930352	6152	0	66	15728640	2147483648	270532674	12912760	109
14930352	6152	0	66	15728640	2147483648	270532674	12912760	109
14930352	6152	0	66	15728640	2147483648	270532674	12912760	109
14930352	6152	0	66	15728640	2147483648	270532674	12912760	109
14930352	6152	0	66	15728640	2147483648	270532674	12912760	109
14930352	6152	0	66	15728640	2147483648	270532674	12912760	110
14930352	6152	0	66	15728640	2147483648	270532674	12912760	110
14930352	6152	0	66	15728640	2147483648	270532674	12912760	110
14930352	6152	0	66	15728640	2147483648	270532674	12912760	110
14930352	6152	0	66	15728640	2147483648	270532674	12912760	110
14930352	6152	0	66	15728640	2147483648	270532674	12912760	110
14930352	6152	0	66	15728640	2147483648	270532674	12912760	111
14930352	6152	0	66	15728640	2147483648	270532674	12912760	111
14930352	6152	0	66	15728640	2147483648	270532674	12912760	111
14930352	6152	0	66	15728640	2147483648	270532674	12912760	111
14930352	6152	0	66	15728640	2147483648	270532674	12912760	111
14930352	6152	0	66	15728640	2147483648	270532674	12912760	111
14930352	6152	0	66	15728640	2147483648	270532674	12912760	111
14930352	6152	0	66	15728640	2147483648	270532674	12912760	112
14930352	6152	0	66	15728640	2147483648	270532674	12912760	112
14930352	6152	0	66	15728640	2147483648	270532674	12912760	112
14930352	6152	0	66	15728640	2147483648	270532674	12912760	112
14930352	6152	0	66	15728640	2147483648	270532674	12912760	112
14930352	6152	0	66	15728640	2147483648	270532674	12912760	112
14930352	6152	0	66	15728640	2147483648	270532674	12912760	112
14930352	6152	0	66	15728640	2147483648	270532674	12912760	113
14930352	6152	0	66	15728640	2147483648	270532674	12912760	113
14930352	6152	0	66	15728640	2147483648	270532674	12912760	113
14930352	6152	0	66	15728640	2147483648	270532674	12912760	113
14930352	6152	0	66	15728640	2147483648	270532674	12912760	113
14930352	6152	0	66	15728640	2147483648	270532674	12912760	113
14930352	6152	0	66	15728640	2147483648	270532674	12912760	113
14930352	6152	0	66	15728640	2147483648	270532674	12912760	113
14930352	6152	0	66	15728640	2147483648	270532674	12912760	114
14930352	6152	0	66	15728640	2147483648	270532674	12912760	114
14930352	6152	0	66	15728640	2147483648	270532674	12912760	114
14930352	6152	0	66	15728640	2147483648	270532674	12912760	114
14930352	6152	0	66	15728640	2147483648	270532674	12912760	114
14930352	6152	0	66	15728640	2147483648	270532674	12912760	114
14930352	6152	0	66	15728640	2147483648	270532674	12912760	115
14930352	6152	0	66	15728640	2147483648	270532674	12912760	115
14930352	6152	0	66	15728640	2147483648	270532674	12912760	115
14930352	6152	0	66	15728640	2147483648	270532674	12912760	115
14930352	6152	0	66	15728640	2147483648	270532674	12912760	115
14930352	6152	0	66	15728640	2147483648	270532674	12912760	115
14930352	6152	0	66	15728640	2147483648	270532674	12912760	116
14930352	6152	0	66	15728640	2147483648	270532674	12912760	116
14930352	6152	0	66	15728640	2147483648	270532674	12912760	116
14930352	6152	0	66	15728640	2147483648	270532674	12912760	116
14930352	6152	0	66	15728640	2147483648	270532674	12912760	117
14930352	6152	0	66	15728640	2147483648	270532674	12912760	117
14930352	6152	0	66	15728640	2147483648	270532674	12912760	117
14930352	6152	0	66	15728640	2147483648	270532674	12912760	117
14930352	6152	0	66	15728640	2147483648	270532674	12912760	117
14930352	6152	0	66	15728640	2147483648	270532674	12912760	117
14930352	6152	0	66	15728640	2147483648	270532674	12912760	117
14930352	6152	0	66	15728640	2147483648	270532674	12912760	118
14930352	6152	0	66	15728640	2147483648	270532674	12912760	118
14930352	6152	0	66	15728640	2147483648	270532674	12912760	118
14930352	6152	0	66	15728640	2147483648	270532674	12912760	118
14930352	6152	0	66	15728640	2147483648	270532674	12912760	118
14930352	6152	0	66	15728640	2147483648	270532674	12912760	118
14930352	6152	0	66	15728640	2147483648	270532674	12912760	118
14930352	6152	0	66	15728640	2147483648	270532674	12912760	119
14930352	6152	0	66	15728640	2147483648	270532674	12912760	119
14930352	6152	0	66	15728640	2147483648	270532674	12912760	119
14930352	6152	0	66	15728640	2147483648	270532674	12912760	119
14930352	6152	0	66	15728640	2147483648	270532674	12912760	119
14930352	6152	0	66	15728640	2147483648	270532674	12912760	119
14930352	6152	0	66	15728640	2147483648	270532674	12912760	120
14930352	6152	0	66	15728640	2147483648	270532674	12912760	120
14930352	6152	0	66	15728640	2147483648	270532674	12912760	120
14930352	6152	0	66	15728640	2147483648	270532674	12912760	120
14930352	6152	0	66	15728640	2147483648	270532674	12912760	120
14930352	6152	0	66	15728640	2147483648	270532674	12912760	120
14930352	6152	0	66	15728640	2147483648	270532674	12912760	120
14930352	6152	0	66	15728640	2147483648	270532674	12912760	121
14930352	6152	0	66	15728640	2147483648	270532674	12912760	121
14930352	6152	0	66	15728640	2147483648	270532674	12912760	121
14930352	6152	0	66	15728640	2147483648	270532674	12912760	121
14930352	6152	0	66	15728640	2147483648	270532674	12912760	121
14930352	6152	0	66	15728640	2147483648	270532674	12912760	121
14930352	6152	0	66	15728640	2147483648	270532674	12912760	122
14930352	6152	0	66	15728640	2147483648	270532674	12912760	122
14930352	6152	0	66	15728640	2147483648	270532674	12912760	122
14930352	6152	0	66	15728640	2147483648	270532674	12912760	122
14930352	6152	0	66	15728640	2147483648	270532674	12912760	122
14930352	6152	0	66	15728640	2147483648	270532674	12912760	122
14930352	6152	0	66	15728640	2147483648	270532674	12912760	122
14930352	6152	0	66	15728640	2147483648	270532674	12912760	123
14930352	6152	0	66	15728640	2147483648	270532674	12912760	123
14930352	6152	0	66	15728640	2147483648	270532674	12912760	123
14930352	6152	0	66	15728640	2147483648	270532674	12912760	123
14930352	6152	0	66	15728640	2147483648	270532674	12912760	123
14930352	6152	0	66	15728640	2147483648	270532674	12912760	123
14930352	6152	0	66	15728640	2147483648	270532674	12912760	123
14930352	6152	0	66	15728640	2147483648	270532674	12912760	124
14930352	6152	0	66	15728640	2147483648	270532674	12912760	124
14930352	6152	0	66	15728640	2147483648	270532674	12912760	124
14930352	6152	0	66	15728640	2147483648	270532674	12912760	124
14930352	6152	0	66	15728640	2147483648	270532674	12912760	124
14930352	6152	0	66	15728640	2147483648	270532674	12912760	124
14930352	6152	0	66	15728640	2147483648	270532674	12912760	125
14930352	6152	0	66	15728640	2147483648	270532674	12912760	125
14930352	6152	0	66	15728640	2147483648	270532674	12912760	125
14930352	6152	0	66	15728640	2147483648	270532674	12912760	125
14930352	6152	0	66	15728640	2147483648	270532674	12912760	125
14930352	6152	0	66	15728640	2147483648	270532674	12912760	125
14930352	6152	0	66	15728640	2147483648	270532674	12912760	125
14930352	6152	0	66	15728640	2147483648	270532674	12912760	126
14930352	6152	0	66	15728640	2147483648	270532674	12912760	126
14930352	6152	0	66	15728640	2147483648	270532674	12912760	126
14930352	6152	0	66	15728640	2147483648	270532674	12912760	126
14930352	6152	0	66	15728640	2147483648	270532674	12912760	126
14930352	6152	0	66	15728640	2147483648	270532674	12912760	126
14930352	6152	0	66	15728640	2147483648	270532674	12912760	127
14930352	6152	0	66	15728640	2147483648	270532674	12912760	127
14930352	6152	0	66	15728640	2147483648	270532674	12912760	127
14930352	6152	0	66	15728640	2147483648	270532674	12912760	127
14930352	6152	0	66	15728640	2147483648	270532674	12912760	127
14930352	6152	0	66	15728640	2147483648	270532674	12912760	127
14930352	6152	0	66	15728640	2147483648	270532674	12912760	128
14930352	6152	0	66	15728640	2147483648	270532674	12912760	128
14930352	6152	0	66	15728640	2147483648	270532674	12912760	128
14930352	6152	0	66	15728640	2147483648	270532674	12912760	128
14930352	6152	0	66	15728640	2147483648	270532674	12912760	128
14930352	6152	0	66	15728640	2147483648	270532674	12912760	128
14930352	6152	0	66	15728640	2147483648	270532674	12912760	128
14930352	6152	0	66	15728640	2147483648	270532674	12912760	129
14930352	6152	0	66	15728640	2147483648	270532674	12912760	129
14930352	6152	0	66	15728640	2147483648	270532674	12912760	129
14930352	6152	0	66	15728640	2147483648	270532674	12912760	129
14930352	6152	0	66	15728640	2147483648	270532674	12912760	129
14930352	6152	0	66	15728640	2147483648	270532674	12912760	129
14930352	6152	0	66	15728640	2147483648	270532674	12912760	130
14930352	6152	0	66	15728640	2147483648	270532674	12912760	130
14930352	6152	0	66	15728640	2147483648	270532674	12912760	130
14930352	6152	0	66	15728640	2147483648	270532674	12912760	130
14930352	6152	0	66	15728640	2147483648	270532674	12912760	130
14930352	6152	0	66	15728640	2147483648	270532674	12912760	130
14930352	6152	0	66	15728640	2147483648	270532674	12912760	130
14930352	6152	0	66	15728640	2147483648	270532674	12912760	130
14930352	6152	0	66	15728640	2147483648	270532674	12912760	131
14930352	6152	0	66	15728640	2147483648	270532674	12912760	131
14930352	6152	0	66	15728640	2147483648	270532674	12912760	131
14930352	6152	0	66	15728640	2147483648	270532674	12912760	131
14930352	6152	0	66	15728640	2147483648	270532674	12912760	131
14930352	6152	0	66	15728640	2147483648	270532674	12912760	131
14930352	6152	0	66	15728640	2147483648	270532674	12912760	132
14930352	6152	0	66	15728640	2147483648	270532674	12912760	132
14930352	6152	0	66	15728640	2147483648	270532674	12912760	132
14930352	6152	0	66	15728640	2147483648	270532674	12912760	132
14930352	6152	0	66	15728640	2147483648	270532674	12912760	132
14930352	6152	0	66	15728640	2147483648	270532674	12912760	132
14930352	6152	0	66	15728640	2147483648	270532674	12912760	132
14930352	6152	0	66	15728640	2147483648	270532674	12912760	133
14930352	6152	0	66	15728640	2147483648	270532674	12912760	133
14930352	6152	0	66	15728640	2147483648	270532674	12912760	133
14930352	6152	0	66	15728640	2147483648	270532674	12912760	133
14930352	6152	0	66	15728640	2147483648	270532674	12912760	133
14930352	6152	0	66	15728640	2147483648	270532674	12912760	133
14930352	6152	0	66	15728640	2147483648	270532674	12912760	133
14930352	6152	0	66	15728640	2147483648	270532674	12912760	134
14930352	6152	0	66	15728640	2147483648	270532674	12912760	134
14930352	6152	0	66	15728640	2147483648	270532674	12912760	134
14930352	6152	0	66	15728640	2147483648	270532674	12912760	134
14930352	6152	0	66	15728640	2147483648	270532674	12912760	134
14930352	6152	0	66	15728640	2147483648	270532674	12912760	134
14930352	6152	0	66	15728640	2147483648	270532674	12912760	135
14930352	6152	0	66	15728640	2147483648	270532674	12912760	135
14930352	6152	0	66	15728640	2147483648	270532674	12912760	135
14930352	6152	0	66	15728640	2147483648	270532674	12912760	135
14930352	6152	0	66	15728640	2147483648	270532674	12912760	135
14930352	6152	0	66	15728640	2147483648	270532674	12912760	135
14930352	6152	0	66	15728640	2147483648	270532674	12912760	135
14930352	6152	0	66	15728640	2147483648	270532674	12912760	136
14930352	6152	0	66	15728640	2147483648	270532674	12912760	136
14930352	6152	0	66	15728640	2147483648	270532674	12912760	136
14930352	6152	0	66	15728640	2147483648	270532674	12912760	136
14930352	6152	0	66	15728640	2147483648	270532674	12912760	136
14930352	6152	0	66	15728640	2147483648	270532674	12912760	136
14930352	6152	0	66	15728640	2147483648	270532674	12912760	136
14930352	6152	0	66	15728640	2147483648	270532674	12912760	137
14930352	6152	0	66	15728640	2147483648	270532674	12912760	137
14930352	6152	0	66	15728640	2147483648	270532674	12912760	137
14930352	6152	0	66	15728640	2147483648	270532674	12912760	137
14930352	6152	0	66	15728640	2147483648	270532674	12912760	137
14930352	6152	0	66	15728640	2147483648	270532674	12912760	137
14930352	6152	0	66	15728640	2147483648	270532674	12912760	137
14930352	6152	0	66	15728640	2147483648	270532674	12912760	138
14930352	6152	0	66	15728640	2147483648	270532674	12912760	138
14930352	6152	0	66	15728640	2147483648	270532674	12912760	138
14930352	6152	0	66	15728640	2147483648	270532674	12912760	138
14930352	6152	0	66	15728640	2147483648	270532674	12912760	138
14930352	6152	0	66	15728640	2147483648	270532674	12912760	138
14930352	6152	0	66	15728640	2147483648	270532674	12912760	138
14930352	6152	0	66	15728640	2147483648	270532674	12912760	138
14930352	6152	0	66	15728640	2147483648	270532674	12912760	139
14930352	6152	0	66	15728640	2147483648	270532674	12912760	139
14930352	6152	0	66	15728640	2147483648	270532674	12912760	139
14930352	6152	0	66	15728640	2147483648	270532674	12912760	139
14930352	6152	0	66	15728640	2147483648	270532674	12912760	139
14930352	6152	0	66	15728640	2147483648	270532674	12912760	139
14930352	6152	0	66	15728640	2147483648	270532674	12912760	140
14930352	6152	0	66	15728640	2147483648	270532674	12912760	140
14930352	6152	0	66	15728640	2147483648	270532674	12912760	140
14930352	6152	0	66	15728640	2147483648	270532674	12912760	140
14930352	6152	0	66	15728640	2147483648	270532674	12912760	140
14930352	6152	0	66	15728640	2147483648	270532674	12912760	140
14930352	6152	0	66	15728640	2147483648	270532674	12912760	140
14930352	6152	0	66	15728640	2147483648	270532674	12912760	140
14930352	6152	0	66	15728640	2147483648	270532674	12912760	141
14930352	6152	0	66	15728640	2147483648	270532674	12912760	141
14930352	6152	0	66	15728640	2147483648	270532674	12912760	141
14930352	6152	0	66	15728640	2147483648	270532674	12912760	141
14930352	6152	0	66	15728640	2147483648	270532674	12912760	141
14930352	6152	0	66	15728640	2147483648	270532674	12912760	141
14930352	6152	0	66	15728640	2147483648	270532674	12912760	142
14930352	6152	0	66	15728640	2147483648	270532674	12912760	142
14930352	6152	0	66	15728640	2147483648	270532674	12912760	142
14930352	6152	0	66	15728640	2147483648	270532674	12912760	142
14930352	6152	0	66	15728640	2147483648	270532674	12912760	142
14930352	6152	0	66	15728640	2147483648	270532674	12912760	142
14930352	6152	0	66	15728640	2147483648	270532674	12912760	142
14930352	6152	0	66	15728640	2147483648	270532674	12912760	143
14930352	6152	0	66	15728640	2147483648	270532674	12912760	143
14930352	6152	0	66	15728640	2147483648	270532674	12912760	143
14930352	6152	0	66	15728640	2147483648	270532674	12912760	143
14930352	6152	0	66	15728640	2147483648	270532674	12912760	143
14930352	6152	0	66	15728640	2147483648	270532674	12912760	143
14930352	6152	0	66	15728640	2147483648	270532674	12912760	143
14930352	6152	0	66	15728640	2147483648	270532674	12912760	144
14930352	6152	0	66	15728640	2147483648	270532674	12912760	144
14930352	6152	0	66	15728640	2147483648	270532674	12912760	144
14930352	6152	0	66	15728640	2147483648	270532674	12912760	144
14930352	6152	0	66	15728640	2147483648	270532674	12912760	144
14930352	6152	0	66	15728640	2147483648	270532674	12912760	144
14930352	6152	0	66	15728640	2147483648	270532674	12912760	144
14930352	6152	0	66	15728640	2147483648	270532674	12912760	144
14930352	6152	0	66	15728640	2147483648	270532674	12912760	145
14930352	6152	0	66	15728640	2147483648	270532674	12912760	145
14930352	6152	0	66	15728640	2147483648	270532674	12912760	145
14930352	6152	0	66	15728640	2147483648	270532674	12912760	145
14930352	6152	0	66	15728640	2147483648	270532674	12912760	145
14930352	6152	0	66	15728640	2147483648	270532674	12912760	145
14930352	6152	0	66	15728640	2147483648	270532674	12912760	145
14930352	6152	0	66	15728640	2147483648	270532674	12912760	146
14930352	6152	0	66	15728640	2147483648	270532674	12912760	146
14930352	6152	0	66	15728640	2147483648	270532674	12912760	146
14930352	6152	0	66	15728640	2147483648	270532674	12912760	146
14930352	6152	0	66	15728640	2147483648	270532674	12912760	146
14930352	6152	0	66	15728640	2147483648	270532674	12912760	146
14930352	6152	0	66	15728640	2147483648	270532674	12912760	146
14930352	6152	0	66	15728640	2147483648	270532674	12912760	147
14930352	6152	0	66	15728640	2147483648	270532674	12912760	147
14930352	6152	0	66	15728640	2147483648	270532674	12912760	147
14930352	6152	0	66	15728640	2147483648	270532674	12912760	147
14930352	6152	0	66	15728640	2147483648	270532674	12912760	147
14930352	6152	0	66	15728640	2147483648	270532674	12912760	147
14930352	6152	0	66	15728640	2147483648	270532674	12912760	147
14930352	6152	0	66	15728640	2147483648	270532674	12912760	147
14930352	6152	0	66	15728640	2147483648	270532674	12912760	148
14930352	6152	0	66	15728640	2147483648	270532674	12912760	148
14930352	6152	0	66	15728640	2147483648	270532674	12912760	148
14930352	6152	0	66	15728640	2147483648	270532674	12912760	148
14930352	6152	0	66	15728640	2147483648	270532674	12912760	148
14930352	6152	0	66	15728640	2147483648	270532674	12912760	148
14930352	6152	0	66	15728640	2147483648	270532674	12912760	149
14930352	6152	0	66	15728640	2147483648	270532674	12912760	149
14930352	6152	0	66	15728640	2147483648	270532674	12912760	149
14930352	6152	0	66	15728640	2147483648	270532674	12912760	149
14930352	6152	0	66	15728640	2147483648	270532674	12912760	149
14930352	6152	0	66	15728640	2147483648	270532674	12912760	149
14930352	6152	0	66	15728640	2147483648	270532674	12912760	149
14930352	6152	0	66	15728640	2147483648	270532674	12912760	149
14930352	6152	0	66	15728640	2147483648	270532674	12912760	150
14930352	6152	0	66	15728640	2147483648	270532674	12912760	150
14930352	6152	0	66	15728640	2147483648	270532674	12912760	150
14930352	6152	0	66	15728640	2147483648	270532674	12912760	150
14930352	6152	0	66	15728640	2147483648	270532674	12912760	150
14930352	6152	0	66	15728640	2147483648	270532674	12912760	150
14930352	6152	0	66	15728640	2147483648	270532674	12912760	151
14930352	6152	0	66	15728640	2147483648	270532674	12912760	151
14930352	6152	0	66	15728640	2147483648	270532674	12912760	151
14930352	6152	0	66	15728640	2147483648	270532674	12912760	151
14930352	6152	0	66	15728640	2147483648	270532674	12912760	151
14930352	6152	0	66	15728640	2147483648	270532674	12912760	151
14930352	6152	0	66	15728640	2147483648	270532674	12912760	151
14930352	6152	0	66	15728640	2147483648	270532674	12912760	151
14930352	6152	0	66	15728640	2147483648	270532674	12912760	152
14930352	6152	0	66	15728640	2147483648	270532674	12912760	152
14930352	6152	0	66	15728640	2147483648	270532674	12912760	152
14930352	6152	0	66	15728640	2147483648	270532674	12912760	152
14930352	6152	0	66	15728640	2147483648	270532674	12912760	152
14930352	6152	0	66	15728640	2147483648	270532674	12912760	152
14930352	6152	0	66	15728640	2147483648	270532674	12912760	152
14930352	6152	0	66	15728640	2147483648	270532674	12912760	152
14930352	6152	0	66	15728640	2147483648	270532674	12912760	153
14930352	6152	0	66	15728640	2147483648	270532674	12912760	153
14930352	6152	0	66	15728640	2147483648	270532674	12912760	153
14930352	6152	0	66	15728640	2147483648	270532674	12912760	153
14930352	6152	0	66	15728640	2147483648	270532674	12912760	153
14930352	6152	0	66	15728640	2147483648	270532674	12912760	154
14930352	6152	0	66	15728640	2147483648	270532674	12912760	154
14930352	6152	0	66	15728640	2147483648	270532674	12912760	154
14930352	6152	0	66	15728640	2147483648	270532674	12912760	154
14930352	6152	0	66	15728640	2147483648	270532674	12912760	154
14930352	6152	0	66	15728640	2147483648	270532674	12912760	154
14930352	6152	0	66	15728640	2147483648	270532674	12912760	154
14930352	6152	0	66	15728640	2147483648	270532674	12912760	154
14930352	6152	0	66	15728640	2147483648	270532674	12912760	155
14930352	6152	0	66	15728640	2147483648	270532674	12912760	155
14930352	6152	0	66	15728640	2147483648	270532674	12912760	155
14930352	6152	0	66	15728640	2147483648	270532674	12912760	155
14930352	6152	0	66	15728640	2147483648	270532674	12912760	155
14930352	6152	0	66	15728640	2147483648	270532674	12912760	155
14930352	6152	0	66	15728640	2147483648	270532674	12912760	156
14930352	6152	0	66	15728640	2147483648	270532674	12912760	156
14930352	6152	0	66	15728640	2147483648	270532674	12912760	156
14930352	6152	0	66	15728640	2147483648	270532674	12912760	156
14930352	6152	0	66	15728640	2147483648	270532674	12912760	156
14930352	6152	0	66	15728640	2147483648	270532674	12912760	156
14930352	6152	0	66	15728640	2147483648	270532674	12912760	157
14930352	6152	0	66	15728640	2147483648	270532674	12912760	157
14930352	6152	0	66	15728640	2147483648	270532674	12912760	157
14930352	6152	0	66	15728640	2147483648	270532674	12912760	157
14930352	6152	0	66	15728640	2147483648	270532674	12912760	157
14930352	6152	0	66	15728640	2147483648	270532674	12912760	157
14930352	6152	0	66	15728640	2147483648	270532674	12912760	158
14930352	6152	0	66	15728640	2147483648	270532674	12912760	158
14930352	6152	0	66	15728640	2147483648	270532674	12912760	158
14930352	6152	0	66	15728640	2147483648	270532674	12912760	158
14930352	6152	0	66	15728640	2147483648	270532674	12912760	158
14930352	6152	0	66	15728640	2147483648	270532674	12912760	158
14930352	6152	0	66	15728640	2147483648	270532674	12912760	159
14930352	6152	0	66	15728640	2147483648	270532674	12912760	159
14930352	6152	0	66	15728640	2147483648	270532674	12912760	159
14930352	6152	0	66	15728640	2147483648	270532674	12912760	159
14930352	6152	0	66	15728640	2147483648	270532674	12912760	159
14930352	6152	0	66	15728640	2147483648	270532674	12912760	159
14930352	6152	0	66	15728640	2147483648	270532674	12912760	159
14930352	6152	0	66	15728640	2147483648	270532674	12912760	159
14930352	6152	0	66	15728640	2147483648	270532674	12912760	160
14930352	6152	0	66	15728640	2147483648	270532674	12912760	160
14930352	6152	0	66	15728640	2147483648	270532674	12912760	160
14930352	6152	0	66	15728640	2147483648	270532674	12912760	160
14930352	6152	0	66	15728640	2147483648	270532674	12912760	160
14930352	6152	0	66	15728640	2147483648	270532674	12912760	160
14930352	6152	0	66	15728640	2147483648	270532674	12912760	161
14930352	6152	0	66	15728640	2147483648	270532674	12912760	161
14930352	6152	0	66	15728640	2147483648	270532674	12912760	161
14930352	6152	0	66	15728640	2147483648	270532674	12912760	161
14930352	6152	0	66	15728640	2147483648	270532674	12912760	161
14930352	6152	0	66	15728640	2147483648	270532674	12912760	161
14930352	6152	0	66	15728640	2147483648	270532674	12912760	161
14930352	6152	0	66	15728640	2147483648	270532674	12912760	161
14930352	6152	0	66	15728640	2147483648	270532674	12912760	162
14930352	6152	0	66	15728640	2147483648	270532674	12912760	162
14930352	6152	0	66	15728640	2147483648	270532674	12912760	162
14930352	6152	0	66	15728640	2147483648	270532674	12912760	162
14930352	6152	0	66	15728640	2147483648	270532674	12912760	162
14930352	6152	0	66	15728640	2147483648	270532674	12912760	162
14930352	6152	0	66	15728640	2147483648	270532674	12912760	162
14930352	6152	0	66	15728640	2147483648	270532674	12912760	163
14930352	6152	0	66	15728640	2147483648	270532674	12912760	163
14930352	6152	0	66	15728640	2147483648	270532674	12912760	163
14930352	6152	0	66	15728640	2147483648	270532674	12912760	163
14930352	6152	0	66	15728640	2147483648	270532674	12912760	163
14930352	6152	0	66	15728640	2147483648	270532674	12912760	163
14930352	6152	0	66	15728640	2147483648	270532674	12912760	164
14930352	6152	0	66	15728640	2147483648	270532674	12912760	164
14930352	6152	0	66	15728640	2147483648	270532674	12912760	164
14930352	6152	0	66	15728640	2147483648	270532674	12912760	164
14930352	6152	0	66	15728640	2147483648	270532674	12912760	164
14930352	6152	0	66	15728640	2147483648	270532674	12912760	164
14930352	6152	0	66	15728640	2147483648	270532674	12912760	164
14930352	6152	0	66	15728640	2147483648	270532674	12912760	165
14930352	6152	0	66	15728640	2147483648	270532674	12912760	165
14930352	6152	0	66	15728640	2147483648	270532674	12912760	165
14930352	6152	0	66	15728640	2147483648	270532674	12912760	165
14930352	6152	0	66	15728640	2147483648	270532674	12912760	165
14930352	6152	0	66	15728640	2147483648	270532674	12912760	165
14930352	6152	0	66	15728640	2147483648	270532674	12912760	165
14930352	6152	0	66	15728640	2147483648	270532674	12912760	166
14930352	6152	0	66	15728640	2147483648	270532674	12912760	166
14930352	6152	0	66	15728640	2147483648	270532674	12912760	166
14930352	6152	0	66	15728640	2147483648	270532674	12912760	166
14930352	6152	0	66	15728640	2147483648	270532674	12912760	166
14930352	6152	0	66	15728640	2147483648	270532674	12912760	166
14930352	6152	0	66	15728640	2147483648	270532674	12912760	166
14930352	6152	0	66	15728640	2147483648	270532674	12912760	167
14930352	6152	0	66	15728640	2147483648	270532674	12912760	167
14930352	6152	0	66	15728640	2147483648	270532674	12912760	167
14930352	6152	0	66	15728640	2147483648	270532674	12912760	167
14930352	6152	0	66	15728640	2147483648	270532674	12912760	167
14930352	6152	0	66	15728640	2147483648	270532674	12912760	167
14930352	6152	0	66	15728640	2147483648	270532674	12912760	167
14930352	6152	0	66	15728640	2147483648	270532674	12912760	168
14930352	6152	0	66	15728640	2147483648	270532674	12912760	168
14930352	6152	0	66	15728640	2147483648	270532674	12912760	168
14930352	6152	0	66	15728640	2147483648	270532674	12912760	168
14930352	6152	0	66	15728640	2147483648	270532674	12912760	168
14930352	6152	0	66	15728640	2147483648	270532674	12912760	168
14930352	6152	0	66	15728640	2147483648	270532674	12912760	168
14930352	6152	0	66	15728640	2147483648	270532674	12912760	169
14930352	6152	0	66	15728640	2147483648	270532674	12912760	169
14930352	6152	0	66	15728640	2147483648	270532674	12912760	169
14930352	6152	0	66	15728640	2147483648	270532674	12912760	169
14930352	6152	0	66	15728640	2147483648	270532674	12912760	169
14930352	6152	0	66	15728640	2147483648	270532674	12912760	169
14930352	6152	0	66	15728640	2147483648	270532674	12912760	169
14930352	6152	0	66	15728640	2147483648	270532674	12912760	169
14930352	6152	0	66	15728640	2147483648	270532674	12912760	170
14930352	6152	0	66	15728640	2147483648	270532674	12912760	170
14930352	6152	0	66	15728640	2147483648	270532674	12912760	170
14930352	6152	0	66	15728640	2147483648	270532674	12912760	170
14930352	6152	0	66	15728640	2147483648	270532674	12912760	170
14930352	6152	0	66	15728640	2147483648	270532674	12912760	170
14930352	6152	0	66	15728640	2147483648	270532674	12912760	171
14930352	6152	0	66	15728640	2147483648	270532674	12912760	171
14930352	6152	0	66	15728640	2147483648	270532674	12912760	171
14930352	6152	0	66	15728640	2147483648	270532674	12912760	171
14930352	6152	0	66	15728640	2147483648	270532674	12912760	171
14930352	6152	0	66	15728640	2147483648	270532674	12912760	171
14930352	6152	0	66	15728640	2147483648	270532674	12912760	171
14930352	6152	0	66	15728640	2147483648	270532674	12912760	171
14930352	6152	0	66	15728640	2147483648	270532674	12912760	172
14930352	6152	0	66	15728640	2147483648	270532674	12912760	172
14930352	6152	0	66	15728640	2147483648	270532674	12912760	172
14930352	6152	0	66	15728640	2147483648	270532674	12912760	172
14930352	6152	0	66	15728640	2147483648	270532674	12912760	172
14930352	6152	0	66	15728640	2147483648	270532674	12912760	172
14930352	6152	0	66	15728640	2147483648	270532674	12912760	172
14930352	6152	0	66	15728640	2147483648	270532674	12912760	173
14930352	6152	0	66	15728640	2147483648	270532674	12912760	173
14930352	6152	0	66	15728640	2147483648	270532674	12912760	173
14930352	6152	0	66	15728640	2147483648	270532674	12912760	173
14930352	6152	0	66	15728640	2147483648	270532674	12912760	173
14930352	6152	0	66	15728640	2147483648	270532674	12912760	173
14930352	6152	0	66	15728640	2147483648	270532674	12912760	173
14930352	6152	0	66	15728640	2147483648	270532674	12912760	174
14930352	6152	0	66	15728640	2147483648	270532674	12912760	174
14930352	6152	0	66	15728640	2147483648	270532674	12912760	174
14930352	6152	0	66	15728640	2147483648	270532674	12912760	174
14930352	6152	0	66	15728640	2147483648	270532674	12912760	174
14930352	6152	0	66	15728640	2147483648	270532674	12912760	174
14930352	6152	0	66	15728640	2147483648	270532674	12912760	175
14930352	6152	0	66	15728640	2147483648	270532674	12912760	175
14930352	6152	0	66	15728640	2147483648	270532674	12912760	175
14930352	6152	0	66	15728640	2147483648	270532674	12912760	175
14930352	6152	0	66	15728640	2147483648	270532674	12912760	175
14930352	6152	0	66	15728640	2147483648	270532674	12912760	175
14930352	6152	0	66	15728640	2147483648	270532674	12912760	175
14930352	6152	0	66	15728640	2147483648	270532674	12912760	176
14930352	6152	0	66	15728640	2147483648	270532674	12912760	176
14930352	6152	0	66	15728640	2147483648	270532674	12912760	176
14930352	6152	0	66	15728640	2147483648	270532674	12912760	176
14930352	6152	0	66	15728640	2147483648	270532674	12912760	176
14930352	6152	0	66	15728640	2147483648	270532674	12912760	176
14930352	6152	0	66	15728640	2147483648	270532674	12912760	176
14930352	6152	0	66	15728640	2147483648	270532674	12912760	177
14930352	6152	0	66	15728640	2147483648	270532674	12912760	177
14930352	6152	0	66	15728640	2147483648	270532674	12912760	177
14930352	6152	0	66	15728640	2147483648	270532674	12912760	177
14930352	6152	0	66	15728640	2147483648	270532674	12912760	177
14930352	6152	0	66	15728640	2147483648	270532674	12912760	177
14930352	6152	0	66	15728640	2147483648	270532674	12912760	178
14930352	6152	0	66	15728640	2147483648	270532674	12912760	178
14930352	6152	0	66	15728640	2147483648	270532674	12912760	178
14930352	6152	0	66	15728640	2147483648	270532674	12912760	178
14930352	6152	0	66	15728640	2147483648	270532674	12912760	178
14930352	6152	0	66	15728640	2147483648	270532674	12912760	178
14930352	6152	0	66	15728640	2147483648	270532674	12912760	178
14930352	6152	0	66	15728640	2147483648	270532674	12912760	179
14930352	6152	0	66	15728640	2147483648	270532674	12912760	179
14930352	6152	0	66	15728640	2147483648	270532674	12912760	179
14930352	6152	0	66	15728640	2147483648	270532674	12912760	179
14930352	6152	0	66	15728640	2147483648	270532674	12912760	179
14930352	6152	0	66	15728640	2147483648	270532674	12912760	179
14930352	6152	0	66	15728640	2147483648	270532674	12912760	179
14930352	6152	0	66	15728640	2147483648	270532674	12912760	180
14930352	6152	0	66	15728640	2147483648	270532674	12912760	180
14930352	6152	0	66	15728640	2147483648	270532674	12912760	180
14930352	6152	0	66	15728640	2147483648	270532674	12912760	180
14930352	6152	0	66	15728640	2147483648	270532674	12912760	180
14930352	6152	0	66	15728640	2147483648	270532674	12912760	180
14930352	6152	0	66	15728640	2147483648	270532674	12912760	180
14930352	6152	0	66	15728640	2147483648	270532674	12912760	181
14930352	6152	0	66	15728640	2147483648	270532674	12912760	181
14930352	6152	0	66	15728640	2147483648	270532674	12912760	181
14930352	6152	0	66	15728640	2147483648	270532674	12912760	181
14930352	6152	0	66	15728640	2147483648	270532674	12912760	181
14930352	6152	0	66	15728640	2147483648	270532674	12912760	181
14930352	6152	0	66	15728640	2147483648	270532674	12912760	181
14930352	6152	0	66	15728640	2147483648	270532674	12912760	181
14930352	6152	0	66	15728640	2147483648	270532674	12912760	182
14930352	6152	0	66	15728640	2147483648	270532674	12912760	182
14930352	6152	0	66	15728640	2147483648	270532674	12912760	182
14930352	6152	0	66	15728640	2147483648	270532674	12912760	182
14930352	6152	0	66	15728640	2147483648	270532674	12912760	182
14930352	6152	0	66	15728640	2147483648	270532674	12912760	182
14930352	6152	0	66	15728640	2147483648	270532674	12912760	183
14930352	6152	0	66	15728640	2147483648	270532674	12912760	183
14930352	6152	0	66	15728640	2147483648	270532674	12912760	183
14930352	6152	0	66	15728640	2147483648	270532674	12912760	183
14930352	6152	0	66	15728640	2147483648	270532674	12912760	183
14930352	6152	0	66	15728640	2147483648	270532674	12912760	183
14930352	6152	0	66	15728640	2147483648	270532674	12912760	183
14930352	6152	0	66	15728640	2147483648	270532674	12912760	184
14930352	6152	0	66	15728640	2147483648	270532674	12912760	184
14930352	6152	0	66	15728640	2147483648	270532674	12912760	184
14930352	6152	0	66	15728640	2147483648	270532674	12912760	184
14930352	6152	0	66	15728640	2147483648	270532674	12912760	184
14930352	6152	0	66	15728640	2147483648	270532674	12912760	184
14930352	6152	0	66	15728640	2147483648	270532674	12912760	184
14930352	6152	0	66	15728640	2147483648	270532674	12912760	185
14930352	6152	0	66	15728640	2147483648	270532674	12912760	185
14930352	6152	0	66	15728640	2147483648	270532674	12912760	185
14930352	6152	0	66	15728640	2147483648	270532674	12912760	185
14930352	6152	0	66	15728640	2147483648	270532674	12912760	185
14930352	6152	0	66	15728640	2147483648	270532674	12912760	185
14930352	6152	0	66	15728640	2147483648	270532674	12912760	185
14930352	6152	0	66	15728640	2147483648	270532674	12912760	186
14930352	6152	0	66	15728640	2147483648	270532674	12912760	186
14930352	6152	0	66	15728640	2147483648	270532674	12912760	186
14930352	6152	0	66	15728640	2147483648	270532674	12912760	186
14930352	6152	0	66	15728640	2147483648	270532674	12912760	186
14930352	6152	0	66	15728640	2147483648	270532674	12912760	186
14930352	6152	0	66	15728640	2147483648	270532674	12912760	187
14930352	6152	0	66	15728640	2147483648	270532674	12912760	187
14930352	6152	0	66	15728640	2147483648	270532674	12912760	187
14930352	6152	0	66	15728640	2147483648	270532674	12912760	187
14930352	6152	0	66	15728640	2147483648	270532674	12912760	187
14930352	6152	0	66	15728640	2147483648	270532674	12912760	187
14930352	6152	0	66	15728640	2147483648	270532674	12912760	187
14930352	6152	0	66	15728640	2147483648	270532674	12912760	188
14930352	6152	0	66	15728640	2147483648	270532674	12912760	188
14930352	6152	0	66	15728640	2147483648	270532674	12912760	188
14930352	6152	0	66	15728640	2147483648	270532674	12912760	188
14930352	6152	0	66	15728640	2147483648	270532674	12912760	188
14930352	6152	0	66	15728640	2147483648	270532674	12912760	188
14930352	6152	0	66	15728640	2147483648	270532674	12912760	188
14930352	6152	0	66	15728640	2147483648	270532674	12912760	189
14930352	6152	0	66	15728640	2147483648	270532674	12912760	189
14930352	6152	0	66	15728640	2147483648	270532674	12912760	189
14930352	6152	0	66	15728640	2147483648	270532674	12912760	189
14930352	6152	0	66	15728640	2147483648	270532674	12912760	189
14930352	6152	0	66	15728640	2147483648	270532674	12912760	189
14930352	6152	0	66	15728640	2147483648	270532674	12912760	189
14930352	6152	0	66	15728640	2147483648	270532674	12912760	190
14930352	6152	0	66	15728640	2147483648	270532674	12912760	190
14930352	6152	0	66	15728640	2147483648	270532674	12912760	190
14930352	6152	0	66	15728640	2147483648	270532674	12912760	190
14930352	6152	0	66	15728640	2147483648	270532674	12912760	190
14930352	6152	0	66	15728640	2147483648	270532674	12912760	190
14930352	6152	0	66	15728640	2147483648	270532674	12912760	190
14930352	6152	0	66	15728640	2147483648	270532674	12912760	191
14930352	6152	0	66	15728640	2147483648	270532674	12912760	191
14930352	6152	0	66	15728640	2147483648	270532674	12912760	191
14930352	6152	0	66	15728640	2147483648	270532674	12912760	191
14930352	6152	0	66	15728640	2147483648	270532674	12912760	191
14930352	6152	0	66	15728640	2147483648	270532674	12912760	191
14930352	6152	0	66	15728640	2147483648	270532674	12912760	191
14930352	6152	0	66	15728640	2147483648	270532674	12912760	192
14930352	6152	0	66	15728640	2147483648	270532674	12912760	192
14930352	6152	0	66	15728640	2147483648	270532674	12912760	192
14930352	6152	0	66	15728640	2147483648	270532674	12912760	192
14930352	6152	0	66	15728640	2147483648	270532674	12912760	192
14930352	6152	0	66	15728640	2147483648	270532674	12912760	192
14930352	6152	0	66	15728640	2147483648	270532674	12912760	192
14930352	6152	0	66	15728640	2147483648	270532674	12912760	192
14930352	6152	0	66	15728640	2147483648	270532674	12912760	193
14930352	6152	0	66	15728640	2147483648	270532674	12912760	193
14930352	6152	0	66	15728640	2147483648	270532674	12912760	193
14930352	6152	0	66	15728640	2147483648	270532674	12912760	193
14930352	6152	0	66	15728640	2147483648	270532674	12912760	193
14930352	6152	0	66	15728640	2147483648	270532674	12912760	193
14930352	6152	0	66	15728640	2147483648	270532674	12912760	193
14930352	6152	0	66	15728640	2147483648	270532674	12912760	194
14930352	6152	0	66	15728640	2147483648	270532674	12912760	194
14930352	6152	0	66	15728640	2147483648	270532674	12912760	194
14930352	6152	0	66	15728640	2147483648	270532674	12912760	194
14930352	6152	0	66	15728640	2147483648	270532674	12912760	194
14930352	6152	0	66	15728640	2147483648	270532674	12912760	194
14930352	6152	0	66	15728640	2147483648	270532674	12912760	194
14930352	6152	0	66	15728640	2147483648	270532674	12912760	195
14930352	6152	0	66	15728640	2147483648	270532674	12912760	195
14930352	6152	0	66	15728640	2147483648	270532674	12912760	195
14930352	6152	0	66	15728640	2147483648	270532674	12912760	195
14930352	6152	0	66	15728640	2147483648	270532674	12912760	195
14930352	6152	0	66	15728640	2147483648	270532674	12912760	195
14930352	6152	0	66	15728640	2147483648	270532674	12912760	195
14930352	6152	0	66	15728640	2147483648	270532674	12912760	195
14930352	6152	0	66	15728640	2147483648	270532674	12912760	196
14930352	6152	0	66	15728640	2147483648	270532674	12912760	196
14930352	6152	0	66	15728640	2147483648	270532674	12912760	196
14930352	6152	0	66	15728640	2147483648	270532674	12912760	196
14930352	6152	0	66	15728640	2147483648	270532674	12912760	196
14930352	6152	0	66	15728640	2147483648	270532674	12912760	196
14930352	6152	0	66	15728640	2147483648	270532674	12912760	197
14930352	6152	0	66	15728640	2147483648	270532674	12912760	197
14930352	6152	0	66	15728640	2147483648	270532674	12912760	197
14930352	6152	0	66	15728640	2147483648	270532674	12912760	197
14930352	6152	0	66	15728640	2147483648	270532674	12912760	197
14930352	6152	0	66	15728640	2147483648	270532674	12912760	197
14930352	6152	0	66	15728640	2147483648	270532674	12912760	197
14930352	6152	0	66	15728640	2147483648	270532674	12912760	198
14930352	6152	0	66	15728640	2147483648	270532674	12912760	198
14930352	6152	0	66	15728640	2147483648	270532674	12912760	198
14930352	6152	0	66	15728640	2147483648	270532674	12912760	198
14930352	6152	0	66	15728640	2147483648	270532674	12912760	198
14930352	6152	0	66	15728640	2147483648	270532674	12912760	198
14930352	6152	0	66	15728640	2147483648	270532674	12912760	198
14930352	6152	0	66	15728640	2147483648	270532674	12912760	199
14930352	6152	0	66	15728640	2147483648	270532674	12912760	199
14930352	6152	0	66	15728640	2147483648	270532674	12912760	199
14930352	6152	0	66	15728640	2147483648	270532674	12912760	199
14930352	6152	0	66	15728640	2147483648	270532674	12912760	199
14930352	6152	0	66	15728640	2147483648	270532674	12912760	199
14930352	6152	0	66	15728640	2147483648	270532674	12912760	199
14930352	6152	0	66	15728640	2147483648	270532674	12912760	200
14930352	6152	0	66	15728640	2147483648	270532674	12912760	200
14930352	6152	0	66	15728640	2147483648	270532674	12912760	200
14930352	6152	0	66	15728640	2147483648	270532674	12912760	200
14930352	6152	0	66	15728640	2147483648	270532674	12912760	200
14930352	6152	0	66	15728640	2147483648	270532674	12912760	200
14930352	6152	0	66	15728640	2147483648	270532674	12912760	200
14930352	6152	0	66	15728640	2147483648	270532674	12912760	201
14930352	6152	0	66	15728640	2147483648	270532674	12912760	201
14930352	6152	0	66	15728640	2147483648	270532674	12912760	201
14930352	6152	0	66	15728640	2147483648	270532674	12912760	201
14930352	6152	0	66	15728640	2147483648	270532674	12912760	201
14930352	6152	0	66	15728640	2147483648	270532674	12912760	201
14930352	6152	0	66	15728640	2147483648	270532674	12912760	201
14930352	6152	0	66	15728640	2147483648	270532674	12912760	201
14930352	6152	0	66	15728640	2147483648	270532674	12912760	202
14930352	6152	0	66	15728640	2147483648	270532674	12912760	202
14930352	6152	0	66	15728640	2147483648	270532674	12912760	202
14930352	6152	0	66	15728640	2147483648	270532674	12912760	202
14930352	6152	0	66	15728640	2147483648	270532674	12912760	202
14930352	6152	0	66	15728640	2147483648	270532674	12912760	202
14930352	6152	0	66	15728640	2147483648	270532674	12912760	202
14930352	6152	0	66	15728640	2147483648	270532674	12912760	202
14930352	6152	0	66	15728640	2147483648	270532674	12912760	203
14930352	6152	0	66	15728640	2147483648	270532674	12912760	203
14930352	6152	0	66	15728640	2147483648	270532674	12912760	203
14930352	6152	0	66	15728640	2147483648	270532674	12912760	203
14930352	6152	0	66	15728640	2147483648	270532674	12912760	203
14930352	6152	0	66	15728640	2147483648	270532674	12912760	203
14930352	6152	0	66	15728640	2147483648	270532674	12912760	204
14930352	6152	0	66	15728640	2147483648	270532674	12912760	204
14930352	6152	0	66	15728640	2147483648	270532674	12912760	204
14930352	6152	0	66	15728640	2147483648	270532674	12912760	204
14930352	6152	0	66	15728640	2147483648	270532674	12912760	204
14930352	6152	0	66	15728640	2147483648	270532674	12912760	204
14930352	6152	0	66	15728640	2147483648	270532674	12912760	204
14930352	6152	0	66	15728640	2147483648	270532674	12912760	204
14930352	6152	0	66	15728640	2147483648	270532674	12912760	205
14930352	6152	0	66	15728640	2147483648	270532674	12912760	205
14930352	6152	0	66	15728640	2147483648	270532674	12912760	205
14930352	6152	0	66	15728640	2147483648	270532674	12912760	205
14930352	6152	0	66	15728640	2147483648	270532674	12912760	205
14930352	6152	0	66	15728640	2147483648	270532674	12912760	205
14930352	6152	0	66	15728640	2147483648	270532674	12912760	205
14930352	6152	0	66	15728640	2147483648	270532674	12912760	206
14930352	6152	0	66	15728640	2147483648	270532674	12912760	206
14930352	6152	0	66	15728640	2147483648	270532674	12912760	206
14930352	6152	0	66	15728640	2147483648	270532674	12912760	206
14930352	6152	0	66	15728640	2147483648	270532674	12912760	206
14930352	6152	0	66	15728640	2147483648	270532674	12912760	206
14930352	6152	0	66	15728640	2147483648	270532674	12912760	206
14930352	6152	0	66	15728640	2147483648	270532674	12912760	206
14930352	6152	0	66	15728640	2147483648	270532674	12912760	207
14930352	6152	0	66	15728640	2147483648	270532674	12912760	207
14930352	6152	0	66	15728640	2147483648	270532674	12912760	207
14930352	6152	0	66	15728640	2147483648	270532674	12912760	207
14930352	6152	0	66	15728640	2147483648	270532674	12912760	207
14930352	6152	0	66	15728640	2147483648	270532674	12912760	207
14930352	6152	0	66	15728640	2147483648	270532674	12912760	208
14930352	6152	0	66	15728640	2147483648	270532674	12912760	208
14930352	6152	0	66	15728640	2147483648	270532674	12912760	208
14930352	6152	0	66	15728640	2147483648	270532674	12912760	208
14930352	6152	0	66	15728640	2147483648	270532674	12912760	208
14930352	6152	0	66	15728640	2147483648	270532674	12912760	208
14930352	6152	0	66	15728640	2147483648	270532674	12912760	208
14930352	6152	0	66	15728640	2147483648	270532674	12912760	208
14930352	6152	0	66	15728640	2147483648	270532674	12912760	209
14930352	6152	0	66	15728640	2147483648	270532674	12912760	209
14930352	6152	0	66	15728640	2147483648	270532674	12912760	209
14930352	6152	0	66	15728640	2147483648	270532674	12912760	209
14930352	6152	0	66	15728640	2147483648	270532674	12912760	209
14930352	6152	0	66	15728640	2147483648	270532674	12912760	209
14930352	6152	0	66	15728640	2147483648	270532674	12912760	209
14930352	6152	0	66	15728640	2147483648	270532674	12912760	210
14930352	6152	0	66	15728640	2147483648	270532674	12912760	210
14930352	6152	0	66	15728640	2147483648	270532674	12912760	210
14930352	6152	0	66	15728640	2147483648	270532674	12912760	210
14930352	6152	0	66	15728640	2147483648	270532674	12912760	210
14930352	6152	0	66	15728640	2147483648	270532674	12912760	210
14930352	6152	0	66	15728640	2147483648	270532674	12912760	210
14930352	6152	0	66	15728640	2147483648	270532674	12912760	211
14930352	6152	0	66	15728640	2147483648	270532674	12912760	211
14930352	6152	0	66	15728640	2147483648	270532674	12912760	211
14930352	6152	0	66	15728640	2147483648	270532674	12912760	211
14930352	6152	0	66	15728640	2147483648	270532674	12912760	211
14930352	6152	0	66	15728640	2147483648	270532674	12912760	211
14930352	6152	0	66	15728640	2147483648	270532674	12912760	211
14930352	6152	0	66	15728640	2147483648	270532674	12912760	211
14930352	6152	0	66	15728640	2147483648	270532674	12912760	212
14930352	6152	0	66	15728640	2147483648	270532674	12912760	212
14930352	6152	0	66	15728640	2147483648	270532674	12912760	212
14930352	6152	0	66	15728640	2147483648	270532674	12912760	212
14930352	6152	0	66	15728640	2147483648	270532674	12912760	212
14930352	6152	0	66	15728640	2147483648	270532674	12912760	212
14930352	6152	0	66	15728640	2147483648	270532674	12912760	213
14930352	6152	0	66	15728640	2147483648	270532674	12912760	213
14930352	6152	0	66	15728640	2147483648	270532674	12912760	213
14930352	6152	0	66	15728640	2147483648	270532674	12912760	213
14930352	6152	0	66	15728640	2147483648	270532674	12912760	213
14930352	6152	0	66	15728640	2147483648	270532674	12912760	213
14930352	6152	0	66	15728640	2147483648	270532674	12912760	213
14930352	6152	0	66	15728640	2147483648	270532674	12912760	213
14930352	6152	0	66	15728640	2147483648	270532674	12912760	214
14930352	6152	0	66	15728640	2147483648	270532674	12912760	214
14930352	6152	0	66	15728640	2147483648	270532674	12912760	214
14930352	6152	0	66	15728640	2147483648	270532674	12912760	214
14930352	6152	0	66	15728640	2147483648	270532674	12912760	214
14930352	6152	0	66	15728640	2147483648	270532674	12912760	214
14930352	6152	0	66	15728640	2147483648	270532674	12912760	215
14930352	6152	0	66	15728640	2147483648	270532674	12912760	215
14930352	6152	0	66	15728640	2147483648	270532674	12912760	215
14930352	6152	0	66	15728640	2147483648	270532674	12912760	215
14930352	6152	0	66	15728640	2147483648	270532674	12912760	215
14930352	6152	0	66	15728640	2147483648	270532674	12912760	215
14930352	6152	0	66	15728640	2147483648	270532674	12912760	215
14930352	6152	0	66	15728640	2147483648	270532674	12912760	215
14930352	6152	0	66	15728640	2147483648	270532674	12912760	216
14930352	6152	0	66	15728640	2147483648	270532674	12912760	216
14930352	6152	0	66	15728640	2147483648	270532674	12912760	216
14930352	6152	0	66	15728640	2147483648	270532674	12912760	216
14930352	6152	0	66	15728640	2147483648	270532674	12912760	216
14930352	6152	0	66	15728640	2147483648	270532674	12912760	216
14930352	6152	0	66	15728640	2147483648	270532674	12912760	216
14930352	6152	0	66	15728640	2147483648	270532674	12912760	217
14930352	6152	0	66	15728640	2147483648	270532674	12912760	217
14930352	6152	0	66	15728640	2147483648	270532674	12912760	217
14930352	6152	0	66	15728640	2147483648	270532674	12912760	217
14930352	6152	0	66	15728640	2147483648	270532674	12912760	217
14930352	6152	0	66	15728640	2147483648	270532674	12912760	217
14930352	6152	0	66	15728640	2147483648	270532674	12912760	217
14930352	6152	0	66	15728640	2147483648	270532674	12912760	217
14930352	6152	0	66	15728640	2147483648	270532674	12912760	218
14930352	6152	0	66	15728640	2147483648	270532674	12912760	218
14930352	6152	0	66	15728640	2147483648	270532674	12912760	218
14930352	6152	0	66	15728640	2147483648	270532674	12912760	218
14930352	6152	0	66	15728640	2147483648	270532674	12912760	218
14930352	6152	0	66	15728640	2147483648	270532674	12912760	218
14930352	6152	0	66	15728640	2147483648	270532674	12912760	218
14930352	6152	0	66	15728640	2147483648	270532674	12912760	219
14930352	6152	0	66	15728640	2147483648	270532674	12912760	219
14930352	6152	0	66	15728640	2147483648	270532674	12912760	219
14930352	6152	0	66	15728640	2147483648	270532674	12912760	219
14930352	6152	0	66	15728640	2147483648	270532674	12912760	219
14930352	6152	0	66	15728640	2147483648	270532674	12912760	219
14930352	6152	0	66	15728640	2147483648	270532674	12912760	220
14930352	6152	0	66	15728640	2147483648	270532674	12912760	220
14930352	6152	0	66	15728640	2147483648	270532674	12912760	220
14930352	6152	0	66	15728640	2147483648	270532674	12912760	220
14930352	6152	0	66	15728640	2147483648	270532674	12912760	220
14930352	6152	0	66	15728640	2147483648	270532674	12912760	220
14930352	6152	0	66	15728640	2147483648	270532674	12912760	220
14930352	6152	0	66	15728640	2147483648	270532674	12912760	221
14930352	6152	0	66	15728640	2147483648	270532674	12912760	221
14930352	6152	0	66	15728640	2147483648	270532674	12912760	221
14930352	6152	0	66	15728640	2147483648	270532674	12912760	221
14930352	6152	0	66	15728640	2147483648	270532674	12912760	221
14930352	6152	0	66	15728640	2147483648	270532674	12912760	221
14930352	6152	0	66	15728640	2147483648	270532674	12912760	222
14930352	6152	0	66	15728640	2147483648	270532674	12912760	222
14930352	6152	0	66	15728640	2147483648	270532674	12912760	222
14930352	6152	0	66	15728640	2147483648	270532674	12912760	222
14930352	6152	0	66	15728640	2147483648	270532674	12912760	222
14930352	6152	0	66	15728640	2147483648	270532674	12912760	222
14930352	6152	0	66	15728640	2147483648	270532674	12912760	222
14930352	6152	0	66	15728640	2147483648	270532674	12912760	223
14930352	6152	0	66	15728640	2147483648	270532674	12912760	223
14930352	6152	0	66	15728640	2147483648	270532674	12912760	223
14930352	6152	0	66	15728640	2147483648	270532674	12912760	223
14930352	6152	0	66	15728640	2147483648	270532674	12912760	223
14930352	6152	0	66	15728640	2147483648	270532674	12912760	223
14930352	6152	0	66	15728640	2147483648	270532674	12912760	223
14930352	6152	0	66	15728640	2147483648	270532674	12912760	223
14930352	6152	0	66	15728640	2147483648	270532674	12912760	224
14930352	6152	0	66	15728640	2147483648	270532674	12912760	224
14930352	6152	0	66	15728640	2147483648	270532674	12912760	224
14930352	6152	0	66	15728640	2147483648	270532674	12912760	224
14930352	6152	0	66	15728640	2147483648	270532674	12912760	224
14930352	6152	0	66	15728640	2147483648	270532674	12912760	224
14930352	6152	0	66	15728640	2147483648	270532674	12912760	224
14930352	6152	0	66	15728640	2147483648	270532674	12912760	225
14930352	6152	0	66	15728640	2147483648	270532674	12912760	225
14930352	6152	0	66	15728640	2147483648	270532674	12912760	225
14930352	6152	0	66	15728640	2147483648	270532674	12912760	225
14930352	6152	0	66	15728640	2147483648	270532674	12912760	225
14930352	6152	0	66	15728640	2147483648	270532674	12912760	225
14930352	6152	0	66	15728640	2147483648	270532674	12912760	226
14930352	6152	0	66	15728640	2147483648	270532674	12912760	226
14930352	6152	0	66	15728640	2147483648	270532674	12912760	226
14930352	6152	0	66	15728640	2147483648	270532674	12912760	226
14930352	6152	0	66	15728640	2147483648	270532674	12912760	226
14930352	6152	0	66	15728640	2147483648	270532674	12912760	226
14930352	6152	0	66	15728640	2147483648	270532674	12912760	227
14930352	6152	0	66	15728640	2147483648	270532674	12912760	227
14930352	6152	0	66	15728640	2147483648	270532674	12912760	227
14930352	6152	0	66	15728640	2147483648	270532674	12912760	227
14930352	6152	0	66	15728640	2147483648	270532674	12912760	227
14930352	6152	0	66	15728640	2147483648	270532674	12912760	227
14930352	6152	0	66	15728640	2147483648	270532674	12912760	228
14930352	6152	0	66	15728640	2147483648	270532674	12912760	228
14930352	6152	0	66	15728640	2147483648	270532674	12912760	228
14930352	6152	0	66	15728640	2147483648	270532674	12912760	228
14930352	6152	0	66	15728640	2147483648	270532674	12912760	228
14930352	6152	0	66	15728640	2147483648	270532674	12912760	228
14930352	6152	0	66	15728640	2147483648	270532674	12912760	228
14930352	6152	0	66	15728640	2147483648	270532674	12912760	228
14930352	6152	0	66	15728640	2147483648	270532674	12912760	229
14930352	6152	0	66	15728640	2147483648	270532674	12912760	229
14930352	6152	0	66	15728640	2147483648	270532674	12912760	229
14930352	6152	0	66	15728640	2147483648	270532674	12912760	229
14930352	6152	0	66	15728640	2147483648	270532674	12912760	229
14930352	6152	0	66	15728640	2147483648	270532674	12912760	229
14930352	6152	0	66	15728640	2147483648	270532674	12912760	229
14930352	6152	0	66	15728640	2147483648	270532674	12912760	230
14930352	6152	0	66	15728640	2147483648	270532674	12912760	230
14930352	6152	0	66	15728640	2147483648	270532674	12912760	230
14930352	6152	0	66	15728640	2147483648	270532674	12912760	230
14930352	6152	0	66	15728640	2147483648	270532674	12912760	230
14930352	6152	0	66	15728640	2147483648	270532674	12912760	230
14930352	6152	0	66	15728640	2147483648	270532674	12912760	230
14930352	6152	0	66	15728640	2147483648	270532674	12912760	231
14930352	6152	0	66	15728640	2147483648	270532674	12912760	231
14930352	6152	0	66	15728640	2147483648	270532674	12912760	231
14930352	6152	0	66	15728640	2147483648	270532674	12912760	231
14930352	6152	0	66	15728640	2147483648	270532674	12912760	231
14930352	6152	0	66	15728640	2147483648	270532674	12912760	231
14930352	6152	0	66	15728640	2147483648	270532674	12912760	231
14930352	6152	0	66	15728640	2147483648	270532674	12912760	232
14930352	6152	0	66	15728640	2147483648	270532674	12912760	232
14930352	6152	0	66	15728640	2147483648	270532674	12912760	232
14930352	6152	0	66	15728640	2147483648	270532674	12912760	232
14930352	6152	0	66	15728640	2147483648	270532674	12912760	232
14930352	6152	0	66	15728640	2147483648	270532674	12912760	232
14930352	6152	0	66	15728640	2147483648	270532674	12912760	232
14930352	6152	0	66	15728640	2147483648	270532674	12912760	233
14930352	6152	0	66	15728640	2147483648	270532674	12912760	233
14930352	6152	0	66	15728640	2147483648	270532674	12912760	233
14930352	6152	0	66	15728640	2147483648	270532674	12912760	233
14930352	6152	0	66	15728640	2147483648	270532674	12912760	233
14930352	6152	0	66	15728640	2147483648	270532674	12912760	233
14930352	6152	0	66	15728640	2147483648	270532674	12912760	234
14930352	6152	0	66	15728640	2147483648	270532674	12912760	234
14930352	6152	0	66	15728640	2147483648	270532674	12912760	234
14930352	6152	0	66	15728640	2147483648	270532674	12912760	234
14930352	6152	0	66	15728640	2147483648	270532674	12912760	234
14930352	6152	0	66	15728640	2147483648	270532674	12912760	234
14930352	6152	0	66	15728640	2147483648	270532674	12912760	235
14930352	6152	0	66	15728640	2147483648	270532674	12912760	235
14930352	6152	0	66	15728640	2147483648	270532674	12912760	235
14930352	6152	0	66	15728640	2147483648	270532674	12912760	235
14930352	6152	0	66	15728640	2147483648	270532674	12912760	235
14930352	6152	0	66	15728640	2147483648	270532674	12912760	236
14930352	6152	0	66	15728640	2147483648	270532674	12912760	236
14930352	6152	0	66	15728640	2147483648	270532674	12912760	236
14930352	6152	0	66	15728640	2147483648	270532674	12912760	236
14930352	6152	0	66	15728640	2147483648	270532674	12912760	236
14930352	6152	0	66	15728640	2147483648	270532674	12912760	236
14930352	6152	0	66	15728640	2147483648	270532674	12912760	237
14930352	6152	0	66	15728640	2147483648	270532674	12912760	237
14930352	6152	0	66	15728640	2147483648	270532674	12912760	237
14930352	6152	0	66	15728640	2147483648	270532674	12912760	237
14930352	6152	0	66	15728640	2147483648	270532674	12912760	237
14930352	6152	0	66	15728640	2147483648	270532674	12912760	237
14930352	6152	0	66	15728640	2147483648	270532674	12912760	238
14930352	6152	0	66	15728640	2147483648	270532674	12912760	238
14930352	6152	0	66	15728640	2147483648	270532674	12912760	238
14930352	6152	0	66	15728640	2147483648	270532674	12912760	238
14930352	6152	0	66	15728640	2147483648	270532674	12912760	238
14930352	6152	0	66	15728640	2147483648	270532674	12912760	238
14930352	6152	0	66	15728640	2147483648	270532674	12912760	238
14930352	6152	0	66	15728640	2147483648	270532674	12912760	239
14930352	6152	0	66	15728640	2147483648	270532674	12912760	239
14930352	6152	0	66	15728640	2147483648	270532674	12912760	239
14930352	6152	0	66	15728640	2147483648	270532674	12912760	239
14930352	6152	0	66	15728640	2147483648	270532674	12912760	239
14930352	6152	0	66	15728640	2147483648	270532674	12912760	239
14930352	6152	0	66	15728640	2147483648	270532674	12912760	239
14930352	6152	0	66	15728640	2147483648	270532674	12912760	240
14930352	6152	0	66	15728640	2147483648	270532674	12912760	240
14930352	6152	0	66	15728640	2147483648	270532674	12912760	240
14930352	6152	0	66	15728640	2147483648	270532674	12912760	240
14930352	6152	0	66	15728640	2147483648	270532674	12912760	240
14930352	6152	0	66	15728640	2147483648	270532674	12912760	240
14930352	6152	0	66	15728640	2147483648	270532674	12912760	240
14930352	6152	0	66	15728640	2147483648	270532674	12912760	241
14930352	6152	0	66	15728640	2147483648	270532674	12912760	241
14930352	6152	0	66	15728640	2147483648	270532674	12912760	241
14930352	6152	0	66	15728640	2147483648	270532674	12912760	241
14930352	6152	0	66	15728640	2147483648	270532674	12912760	241
14930352	6152	0	66	15728640	2147483648	270532674	12912760	241
14930352	6152	0	66	15728640	2147483648	270532674	12912760	241
14930352	6152	0	66	15728640	2147483648	270532674	12912760	242
14930352	6152	0	66	15728640	2147483648	270532674	12912760	242
14930352	6152	0	66	15728640	2147483648	270532674	12912760	242
14930352	6152	0	66	15728640	2147483648	270532674	12912760	242
14930352	6152	0	66	15728640	2147483648	270532674	12912760	242
14930352	6152	0	66	15728640	2147483648	270532674	12912760	242
14930352	6152	0	66	15728640	2147483648	270532674	12912760	242
14930352	6152	0	66	15728640	2147483648	270532674	12912760	243
14930352	6152	0	66	15728640	2147483648	270532674	12912760	243
14930352	6152	0	66	15728640	2147483648	270532674	12912760	243
14930352	6152	0	66	15728640	2147483648	270532674	12912760	243
14930352	6152	0	66	15728640	2147483648	270532674	12912760	243
14930352	6152	0	66	15728640	2147483648	270532674	12912760	243
14930352	6152	0	66	15728640	2147483648	270532674	12912760	243
14930352	6152	0	66	15728640	2147483648	270532674	12912760	244
14930352	6152	0	66	15728640	2147483648	270532674	12912760	244
14930352	6152	0	66	15728640	2147483648	270532674	12912760	244
14930352	6152	0	66	15728640	2147483648	270532674	12912760	244
14930352	6152	0	66	15728640	2147483648	270532674	12912760	244
14930352	6152	0	66	15728640	2147483648	270532674	12912760	244
14930352	6152	0	66	15728640	2147483648	270532674	12912760	245
14930352	6152	0	66	15728640	2147483648	270532674	12912760	245
14930352	6152	0	66	15728640	2147483648	270532674	12912760	245
14930352	6152	0	66	15728640	2147483648	270532674	12912760	245
14930352	6152	0	66	15728640	2147483648	270532674	12912760	245
14930352	6152	0	66	15728640	2147483648	270532674	12912760	245
14930352	6152	0	66	15728640	2147483648	270532674	12912760	246
14930352	6152	0	66	15728640	2147483648	270532674	12912760	246
14930352	6152	0	66	15728640	2147483648	270532674	12912760	246
14930352	6152	0	66	15728640	2147483648	270532674	12912760	246
14930352	6152	0	66	15728640	2147483648	270532674	12912760	246
14930352	6152	0	66	15728640	2147483648	270532674	12912760	246
14930352	6152	0	66	15728640	2147483648	270532674	12912760	247
14930352	6152	0	66	15728640	2147483648	270532674	12912760	247
14930352	6152	0	66	15728640	2147483648	270532674	12912760	247
14930352	6152	0	66	15728640	2147483648	270532674	12912760	247
14930352	6152	0	66	15728640	2147483648	270532674	12912760	247
14930352	6152	0	66	15728640	2147483648	270532674	12912760	247
14930352	6152	0	66	15728640	2147483648	270532674	12912760	247
14930352	6152	0	66	15728640	2147483648	270532674	12912760	248
14930352	6152	0	66	15728640	2147483648	270532674	12912760	248
14930352	6152	0	66	15728640	2147483648	270532674	12912760	248
14930352	6152	0	66	15728640	2147483648	270532674	12912760	248
14930352	6152	0	66	15728640	2147483648	270532674	12912760	248
14930352	6152	0	66	15728640	2147483648	270532674	12912760	248
14930352	6152	0	66	15728640	2147483648	270532674	12912760	248
14930352	6152	0	66	15728640	2147483648	270532674	12912760	249
14930352	6152	0	66	15728640	2147483648	270532674	12912760	249
14930352	6152	0	66	15728640	2147483648	270532674	12912760	249
14930352	6152	0	66	15728640	2147483648	270532674	12912760	249
14930352	6152	0	66	15728640	2147483648	270532674	12912760	249
14930352	6152	0	66	15728640	2147483648	270532674	12912760	249
14930352	6152	0	66	15728640	2147483648	270532674	12912760	249
14930352	6152	0	66	15728640	2147483648	270532674	12912760	250
14930352	6152	0	66	15728640	2147483648	270532674	12912760	250
14930352	6152	0	66	15728640	2147483648	270532674	12912760	250
14930352	6152	0	66	15728640	2147483648	270532674	12912760	250
14930352	6152	0	66	15728640	2147483648	270532674	12912760	250
14930352	6152	0	66	15728640	2147483648	270532674	12912760	250
14930352	6152	0	66	15728640	2147483648	270532674	12912760	250
14930352	6152	0	66	15728640	2147483648	270532674	12912760	250
14930352	6152	0	66	15728640	2147483648	270532674	12912760	251
14930352	6152	0	66	15728640	2147483648	270532674	12912760	251
14930352	6152	0	66	15728640	2147483648	270532674	12912760	251
14930352	6152	0	66	15728640	2147483648	270532674	12912760	251
14930352	6152	0	66	15728640	2147483648	270532674	12912760	251
14930352	6152	0	66	15728640	2147483648	270532674	12912760	251
14930352	6152	0	66	15728640	2147483648	270532674	12912760	251
14930352	6152	0	66	15728640	2147483648	270532674	12912760	252
14930352	6152	0	66	15728640	2147483648	270532674	12912760	252
14930352	6152	0	66	15728640	2147483648	270532674	12912760	252
14930352	6152	0	66	15728640	2147483648	270532674	12912760	252
14930352	6152	0	66	15728640	2147483648	270532674	12912760	252
14930352	6152	0	66	15728640	2147483648	270532674	12912760	252
14930352	6152	0	66	15728640	2147483648	270532674	12912760	252
14930352	6152	0	66	15728640	2147483648	270532674	12912760	252
14930352	6152	0	66	15728640	2147483648	270532674	12912760	253
14930352	6152	0	66	15728640	2147483648	270532674	12912760	253
14930352	6152	0	66	15728640	2147483648	270532674	12912760	253
14930352	6152	0	66	15728640	2147483648	270532674	12912760	253
14930352	6152	0	66	15728640	2147483648	270532674	12912760	253
14930352	6152	0	66	15728640	2147483648	270532674	12912760	253
14930352	6152	0	66	15728640	2147483648	270532674	12912760	254
14930352	6152	0	66	15728640	2147483648	270532674	12912760	254
14930352	6152	0	66	15728640	2147483648	270532674	12912760	254
14930352	6152	0	66	15728640	2147483648	270532674	12912760	254
14930352	6152	0	66	15728640	2147483648	270532674	12912760	254
14930352	6152	0	66	15728640	2147483648	270532674	12912760	254
14930352	6152	0	66	15728640	2147483648	270532674	12912760	254
14930352	6152	0	66	15728640	2147483648	270532674	12912760	254
14930352	6152	0	66	15728640	2147483648	270532674	12912760	255
14930352	6152	0	66	15728640	2147483648	270532674	12912760	255
14930352	6152	0	66	15728640	2147483648	270532674	12912760	255
14930352	6152	0	66	15728640	2147483648	270532674	12912760	255
14930352	6152	0	66	15728640	2147483648	270532674	12912760	255
14930352	6152	0	66	15728640	2147483648	270532674	12912760	255
14930352	6152	0	66	15728640	2147483648	270532674	12912760	255
14930352	6152	0	66	15728640	2147483648	270532674	12912760	256
14930352	6152	0	66	15728640	2147483648	270532674	12912760	256
14930352	6152	0	66	15728640	2147483648	270532674	12912760	256
14930352	6152	0	66	15728640	2147483648	270532674	12912760	256
14930352	6152	0	66	15728640	2147483648	270532674	12912760	256
14930352	6152	0	66	15728640	2147483648	270532674	12912760	256
14930352	6152	0	66	15728640	2147483648	270532674	12912760	256
14930352	6152	0	66	15728640	2147483648	270532674	12912760	256
14930352	6152	0	66	15728640	2147483648	270532674	12912760	257
14930352	6152	0	66	15728640	2147483648	270532674	12912760	257
14930352	6152	0	66	15728640	2147483648	270532674	12912760	257
14930352	6152	0	66	15728640	2147483648	270532674	12912760	257
14930352	6152	0	66	15728640	2147483648	270532674	12912760	257
14930352	6152	0	66	15728640	2147483648	270532674	12912760	257
14930352	6152	0	66	15728640	2147483648	270532674	12912760	257
14930352	6152	0	66	15728640	2147483648	270532674	12912760	258
14930352	6152	0	66	15728640	2147483648	270532674	12912760	258
14930352	6152	0	66	15728640	2147483648	270532674	12912760	258
14930352	6152	0	66	15728640	2147483648	270532674	12912760	258
14930352	6152	0	66	15728640	2147483648	270532674	12912760	258
14930352	6152	0	66	15728640	2147483648	270532674	12912760	258
14930352	6152	0	66	15728640	2147483648	270532674	12912760	259
14930352	6152	0	66	15728640	2147483648	270532674	12912760	259
14930352	6152	0	66	15728640	2147483648	270532674	12912760	259
14930352	6152	0	66	15728640	2147483648	270532674	12912760	259
14930352	6152	0	66	15728640	2147483648	270532674	12912760	259
14930352	6152	0	66	15728640	2147483648	270532674	12912760	259
14930352	6152	0	66	15728640	2147483648	270532674	12912760	259
14930352	6152	0	66	15728640	2147483648	270532674	12912760	259
14930352	6152	0	66	15728640	2147483648	270532674	12912760	260
14930352	6152	0	66	15728640	2147483648	270532674	12912760	260
14930352	6152	0	66	15728640	2147483648	270532674	12912760	260
14930352	6152	0	66	15728640	2147483648	270